piece,phase,frame,time_ms,landing_frame,x,y,velocity_x,velocity_y,angular_velocity,angle,sleeping,ground_contact,contact_width_px,contact_center_offset_px,contact_points,contact_parts,pre_velocity_x,pre_velocity_y,pre_angular_velocity,delta_velocity_x,delta_velocity_y,delta_angular_velocity,collision_normal_x,collision_normal_y,collision_depth,collision_separation,collision_pair_count,collision_contact_count,collision_support_count,collision_contact_part_count
26,falling,0,7.0,,195.000,96.427,0.00000,0.46228,0.000000,0.000000,0,0,0.000,0.000,0,0,0.00000,0.00000,0.000000,0.00000,0.46228,0.000000,,,,,0,0,0,0
26,falling,1,12.0,,195.000,96.581,0.00000,0.54339,0.000000,0.000000,0,0,0.000,0.000,0,0,0.00000,0.46228,0.000000,0.00000,0.08112,0.000000,,,,,0,0,0,0
26,falling,2,28.0,,195.000,97.310,0.00000,0.81684,0.000000,0.000000,0,0,0.000,0.000,0,0,0.00000,0.54339,0.000000,0.00000,0.27345,0.000000,,,,,0,0,0,0
26,falling,3,45.0,,195.000,98.315,0.00000,1.08612,0.000000,0.000000,0,0,0.000,0.000,0,0,0.00000,0.81684,0.000000,0.00000,0.26929,0.000000,,,,,0,0,0,0
26,falling,4,62.0,,195.000,99.508,0.00000,1.33580,0.000000,0.000000,0,0,0.000,0.000,0,0,0.00000,1.08612,0.000000,0.00000,0.24967,0.000000,,,,,0,0,0,0
26,falling,5,78.0,,195.000,101.037,0.00000,1.59719,0.000000,0.000000,0,0,0.000,0.000,0,0,0.00000,1.33580,0.000000,0.00000,0.26139,0.000000,,,,,0,0,0,0
26,falling,6,95.0,,195.000,102.831,0.00000,1.85460,0.000000,0.000000,0,0,0.000,0.000,0,0,0.00000,1.59719,0.000000,0.00000,0.25741,0.000000,,,,,0,0,0,0
26,falling,7,112.0,,195.000,104.755,0.00000,2.09327,0.000000,0.000000,0,0,0.000,0.000,0,0,0.00000,1.85460,0.000000,0.00000,0.23867,0.000000,,,,,0,0,0,0
26,falling,8,128.0,,195.000,107.049,0.00000,2.34314,0.000000,0.000000,0,0,0.000,0.000,0,0,0.00000,2.09327,0.000000,0.00000,0.24987,0.000000,,,,,0,0,0,0
26,falling,9,145.0,,195.000,109.596,0.00000,2.58921,0.000000,0.000000,0,0,0.000,0.000,0,0,0.00000,2.34314,0.000000,0.00000,0.24607,0.000000,,,,,0,0,0,0
26,falling,10,162.0,,195.000,112.219,0.00000,2.81735,0.000000,0.000000,0,0,0.000,0.000,0,0,0.00000,2.58921,0.000000,0.00000,0.22815,0.000000,,,,,0,0,0,0
26,falling,20,329.0,,195.000,151.997,0.00000,5.01228,0.000000,0.000000,0,0,0.000,0.000,0,0,0.00000,4.81603,0.000000,0.00000,0.19625,0.000000,,,,,0,0,0,0
26,falling,30,495.0,,195.000,212.153,0.00000,6.90037,0.000000,0.000000,0,0,0.000,0.000,0,0,0.00000,6.72090,0.000000,0.00000,0.17947,0.000000,,,,,0,0,0,0
26,falling,40,662.0,,195.000,289.839,0.00000,8.52452,0.000000,0.000000,0,0,0.000,0.000,0,0,0.00000,8.37013,0.000000,0.00000,0.15438,0.000000,,,,,0,0,0,0
26,falling,50,829.0,,195.000,382.008,0.00000,9.91385,0.000000,0.000000,0,0,0.000,0.000,0,0,0.00000,9.78882,0.000000,0.00000,0.12503,0.000000,,,,,0,0,0,0
26,falling,58,962.0,,195.000,465.854,0.00000,10.89318,0.000000,0.000000,0,0,0.000,0.000,0,0,0.00000,10.77538,0.000000,0.00000,0.11779,0.000000,,,,,0,0,0,0
26,falling,59,979.0,,195.000,477.040,0.00000,11.00918,0.000000,0.000000,0,0,0.000,0.000,0,0,0.00000,10.89318,0.000000,0.00000,0.11600,0.000000,,,,,0,0,0,0
26,post_landing,60,996.0,60,195.040,484.751,0.25151,3.83660,0.000000,0.081107,0,1,0.000,-15.997,1,1,0.00000,11.00918,0.000000,0.25151,-7.17257,0.327194,0.000000,1.000000,0.268046,0.003037,1,1,2,1
26,post_landing,61,1013.0,60,195.294,487.870,0.25151,0.00000,0.000000,0.411665,0,1,4.466,4.185,5,3,0.25151,3.83660,0.000000,0.49975,-5.19738,0.209752,0.000000,1.000000,0.579711,-0.357441,3,5,6,3
26,post_landing,62,1029.0,60,196.446,486.596,1.25155,-1.05837,0.147121,0.577928,0,0,0.000,0.000,0,0,0.25151,0.00000,0.000000,1.00004,-1.05837,0.147121,,,,,0,0,0,0
26,post_landing,63,1046.0,60,197.637,485.716,1.23362,-0.77798,0.145014,0.717898,0,0,0.000,0.000,0,0,1.25155,-1.05837,0.147121,-0.01793,0.28039,-0.002107,,,,,0,0,0,0
26,post_landing,64,1062.0,60,198.883,485.096,1.21486,-0.48443,0.142808,0.864403,0,0,0.000,0.000,0,0,1.23362,-0.77798,0.145014,-0.01877,0.29355,-0.002206,,,,,0,0,0,0
26,post_landing,65,1079.0,60,200.110,484.781,1.19638,-0.19535,0.140636,1.008680,0,0,0.000,0.000,0,0,1.21486,-0.48443,0.142808,-0.01848,0.28908,-0.002172,,,,,0,0,0,0
26,post_landing,66,1096.0,60,201.248,484.753,1.17924,0.07268,0.138621,1.142479,0,0,0.000,0.000,0,0,1.19638,-0.19535,0.140636,-0.01714,0.26803,-0.002014,,,,,0,0,0,0
26,post_landing,67,1112.0,60,202.440,485.007,1.16130,0.35328,0.136513,1.282526,0,0,0.000,0.000,0,0,1.17924,0.07268,0.138621,-0.01794,0.28061,-0.002109,,,,,0,0,0,0
26,post_landing,68,1129.0,60,203.613,485.543,1.14364,0.62962,0.134436,1.420443,0,0,0.000,0.000,0,0,1.16130,0.35328,0.136513,-0.01767,0.27634,-0.002077,,,,,0,0,0,0
26,post_landing,69,1146.0,60,204.701,486.302,1.12726,0.88583,0.132511,1.548344,0,0,0.000,0.000,0,0,1.14364,0.62962,0.134436,-0.01638,0.25621,-0.001925,,,,,0,0,0,0
26,post_landing,70,1162.0,60,205.840,487.377,1.11011,1.15407,0.130495,1.682217,0,0,0.000,0.000,0,0,1.12726,0.88583,0.132511,-0.01715,0.26824,-0.002016,,,,,0,0,0,0
26,post_landing,71,1179.0,60,206.962,488.723,1.09322,1.41823,0.128510,1.814054,0,0,0.000,0.000,0,0,1.11011,1.15407,0.130495,-0.01689,0.26416,-0.001985,,,,,0,0,0,0
26,post_landing,72,1196.0,60,208.002,490.231,1.07756,1.66314,0.126669,1.936317,0,0,0.000,0.000,0,0,1.09322,1.41823,0.128510,-0.01566,0.24492,-0.001841,,,,,0,0,0,0
26,post_landing,73,1213.0,60,209.090,491.924,0.88044,0.22984,-0.010433,2.064288,0,1,6.705,23.546,3,3,1.07756,1.66314,0.126669,-0.19712,-1.43331,-0.137102,0.000000,1.000000,0.116174,-0.078896,3,3,6,3
26,post_landing,74,1229.0,60,209.714,491.916,0.32149,0.00927,0.000307,2.060055,0,1,0.000,27.022,1,1,0.88044,0.22984,-0.010433,-0.55895,-0.22057,0.010740,0.000000,1.000000,0.044697,0.023851,1,1,2,1
26,post_landing,75,1246.0,60,209.936,491.914,0.11363,0.03881,-0.001247,2.060081,0,1,0.000,27.021,1,1,0.32149,0.00927,0.000307,-0.20786,0.02954,-0.001554,0.000000,1.000000,0.044955,0.022200,1,1,2,1
26,post_landing,76,1263.0,60,209.996,491.978,-0.02533,0.13808,-0.004451,2.057779,0,1,0.000,27.088,1,1,0.11363,0.03881,-0.001247,-0.13895,0.09927,-0.003204,0.000000,1.000000,0.049666,0.023424,1,1,2,1
26,post_landing,77,1279.0,60,209.924,492.141,-0.14667,0.24569,-0.008375,2.051773,0,1,0.000,27.262,1,1,-0.02533,0.13808,-0.004451,-0.12134,0.10761,-0.003924,0.000000,1.000000,0.049593,0.023430,1,1,2,1
26,post_landing,78,1296.0,60,209.743,492.413,-0.32217,0.26657,-0.011632,2.042410,0,1,4.472,25.296,2,2,-0.14667,0.24569,-0.008375,-0.17550,0.02088,-0.003257,0.000000,1.000000,0.009363,0.005915,2,2,4,2
26,post_landing,79,1313.0,60,209.366,492.746,-0.43711,0.32756,-0.015446,2.029089,0,1,6.708,24.557,3,3,-0.32217,0.26657,-0.011632,-0.11494,0.06100,-0.003814,0.000000,1.000000,0.048899,0.040828,3,3,6,3
26,post_landing,80,1329.0,60,208.885,493.122,-0.53470,0.41575,-0.019125,2.011997,0,1,2.236,22.801,2,2,-0.43711,0.32756,-0.015446,-0.09759,0.08819,-0.003679,0.000000,1.000000,0.064364,0.049412,2,2,4,2
26,post_landing,81,1346.0,60,208.341,493.526,-0.62276,0.50332,-0.022773,1.992409,0,1,0.000,22.226,1,1,-0.53470,0.41575,-0.019125,-0.08806,0.08757,-0.003648,0.000000,1.000000,0.042728,0.022391,1,1,2,1
26,post_landing,82,1362.0,60,207.673,494.080,-0.71317,0.60586,-0.026478,1.967904,0,1,0.000,22.893,1,1,-0.62276,0.50332,-0.022773,-0.09041,0.10255,-0.003704,0.000000,1.000000,0.044346,0.023881,1,1,2,1
26,post_landing,83,1379.0,60,206.916,494.741,-0.79749,0.71742,-0.030347,1.939526,0,1,0.000,23.648,1,1,-0.71317,0.60586,-0.026478,-0.08432,0.11156,-0.003869,0.000000,1.000000,0.044011,0.023910,1,1,2,1
26,post_landing,84,1396.0,60,206.127,495.469,-0.87051,0.83229,-0.034064,1.909165,0,1,0.000,24.435,1,1,-0.79749,0.71742,-0.030347,-0.07303,0.11487,-0.003718,0.000000,1.000000,0.040290,0.022601,1,1,2,1
26,post_landing,85,1413.0,60,205.215,496.370,-0.93984,0.96593,-0.038117,1.873018,0,1,0.000,25.343,1,1,-0.87051,0.83229,-0.034064,-0.06933,0.13364,-0.004053,0.000000,1.000000,0.043690,0.023937,1,1,2,1
26,post_landing,86,1429.0,60,204.237,497.412,-0.99851,1.11260,-0.042281,1.832710,0,1,0.000,26.316,1,1,-0.93984,0.96593,-0.038117,-0.05867,0.14666,-0.004163,0.000000,1.000000,0.043480,0.023956,1,1,2,1
26,post_landing,87,1446.0,60,203.265,498.532,-1.04163,1.26326,-0.046307,1.790830,0,1,0.000,27.282,1,1,-0.99851,1.11260,-0.042281,-0.04312,0.15067,-0.004026,0.000000,1.000000,0.039742,0.022648,1,1,2,1
26,post_landing,88,1463.0,60,202.194,499.889,-1.07193,1.43718,-0.050707,1.742112,0,1,0.000,28.345,1,1,-1.04163,1.26326,-0.046307,-0.03030,0.17392,-0.004400,0.000000,1.000000,0.043053,0.023992,1,1,2,1
26,post_landing,89,1479.0,60,201.099,501.428,-1.08270,1.62539,-0.055234,1.688873,0,1,0.000,29.429,1,1,-1.07193,1.43718,-0.050707,-0.01077,0.18821,-0.004527,0.000000,1.000000,0.042857,0.024009,1,1,2,1
26,post_landing,90,1496.0,60,200.415,501.717,-0.34059,-0.25073,-0.011816,1.653599,0,1,0.000,-9.095,1,1,-1.08270,1.62539,-0.055234,0.74211,-1.87611,0.043417,0.000000,1.000000,0.184096,0.020823,1,1,2,1
26,post_landing,91,1512.0,60,200.111,501.593,-0.25259,-0.11476,-0.012594,1.639854,0,1,0.000,-8.829,1,1,-0.34059,-0.25073,-0.011816,0.08799,0.13597,-0.000778,0.000000,1.000000,0.043197,0.024989,1,1,2,1
26,post_landing,92,1529.0,60,199.881,501.492,-0.18256,-0.08041,-0.009379,1.628287,0,1,0.000,-8.603,1,1,-0.25259,-0.11476,-0.012594,0.07003,0.03435,0.003215,0.000000,1.000000,0.043598,0.025155,1,1,2,1
26,post_landing,93,1546.0,60,199.728,501.425,-0.12334,-0.05318,-0.006038,1.620491,0,1,0.000,-8.451,1,1,-0.18256,-0.08041,-0.009379,0.05923,0.02723,0.003341,0.000000,1.000000,0.039999,0.022626,1,1,2,1
26,post_landing,94,1563.0,60,199.623,501.389,-0.07464,-0.03312,-0.001500,1.616006,0,1,0.000,-8.363,1,1,-0.12334,-0.05318,-0.006038,0.04869,0.02006,0.004538,0.000000,1.000000,0.040527,0.024209,1,1,2,1
26,post_landing,95,1579.0,60,199.564,501.387,-0.02283,0.01539,0.001842,1.615833,0,1,0.000,-8.359,1,1,-0.07464,-0.03312,-0.001500,0.05181,0.04850,0.003342,0.000000,1.000000,0.044893,0.023834,1,1,2,1
26,post_landing,96,1596.0,60,199.563,501.410,0.03568,0.04064,0.004830,1.618669,0,1,0.000,-8.415,1,1,-0.02283,0.01539,0.001842,0.05851,0.02525,0.002988,0.000000,1.000000,0.041171,0.022525,1,1,2,1
26,post_landing,97,1612.0,60,199.622,501.463,0.09571,0.06895,0.008079,1.624823,0,1,0.000,-8.536,1,1,0.03568,0.04064,0.004830,0.06003,0.02831,0.003249,0.000000,1.000000,0.044857,0.023837,1,1,2,1
26,post_landing,98,1629.0,60,199.743,501.545,0.15640,0.09837,0.011282,1.634252,0,1,0.000,-8.720,1,1,0.09571,0.06895,0.008079,0.06069,0.02942,0.003203,0.000000,1.000000,0.044821,0.023840,1,1,2,1
26,post_landing,99,1646.0,60,199.914,501.648,0.21488,0.12746,0.014241,1.646093,0,1,0.000,-8.950,1,1,0.15640,0.09837,0.011282,0.05848,0.02909,0.002959,0.000000,1.000000,0.041074,0.022533,1,1,2,1
26,post_landing,100,1663.0,60,200.154,501.793,0.27406,0.16276,0.017590,1.661842,0,1,0.000,-9.254,1,1,0.21488,0.12746,0.014241,0.05917,0.03531,0.003349,0.000000,1.000000,0.044705,0.023850,1,1,2,1
26,post_landing,101,1679.0,60,200.429,501.813,0.16878,0.02854,-0.000941,1.675977,0,1,0.000,29.680,1,1,0.27406,0.16276,0.017590,-0.10528,-0.13423,-0.018531,0.000000,1.000000,0.108093,0.018405,1,1,2,1
26,post_landing,102,1696.0,60,200.534,501.889,0.00005,-0.00001,0.000004,1.673623,0,1,39.205,10.122,2,2,0.16878,0.02854,-0.000941,-0.16873,-0.02854,0.000946,0.000000,1.000000,0.017635,0.011342,2,2,4,2
26,post_landing,103,1713.0,60,200.534,501.891,0.00000,-0.00000,0.000000,1.673621,0,1,39.205,10.123,2,2,0.00005,-0.00001,0.000004,-0.00005,0.00001,-0.000004,0.000000,1.000000,0.032773,0.011713,2,2,4,2
26,post_landing,104,1729.0,60,200.534,501.891,0.00000,0.00000,0.000000,1.673621,0,1,39.205,10.123,2,2,0.00000,-0.00000,0.000000,-0.00000,0.00000,-0.000000,0.000000,1.000000,0.032774,0.011713,2,2,4,2
26,post_landing,105,1746.0,60,200.534,501.889,-0.00000,0.00000,-0.000000,1.673622,0,1,39.205,10.122,2,2,0.00000,0.00000,0.000000,-0.00000,0.00000,-0.000000,0.000000,1.000000,0.029057,0.010400,2,2,4,2
26,post_landing,106,1762.0,60,200.534,501.891,0.00000,-0.00000,0.000000,1.673621,0,1,39.205,10.123,2,2,-0.00000,0.00000,-0.000000,0.00000,-0.00000,0.000000,0.000000,1.000000,0.032774,0.011713,2,2,4,2
26,post_landing,107,1779.0,60,200.534,501.891,0.00000,0.00000,0.000000,1.673621,0,1,39.205,10.123,2,2,0.00000,-0.00000,0.000000,-0.00000,0.00000,-0.000000,0.000000,1.000000,0.032774,0.011713,2,2,4,2
26,post_landing,108,1796.0,60,200.534,501.889,-0.00000,0.00000,-0.000000,1.673622,0,1,39.205,10.122,2,2,0.00000,0.00000,0.000000,-0.00000,0.00000,-0.000000,0.000000,1.000000,0.029057,0.010400,2,2,4,2
26,post_landing,109,1812.0,60,200.534,501.891,0.00000,-0.00000,0.000000,1.673621,0,1,39.205,10.123,2,2,-0.00000,0.00000,-0.000000,0.00000,-0.00000,0.000000,0.000000,1.000000,0.032774,0.011713,2,2,4,2
26,post_landing,110,1829.0,60,200.534,501.891,0.00000,0.00000,0.000000,1.673621,0,1,39.205,10.123,2,2,0.00000,-0.00000,0.000000,-0.00000,0.00000,-0.000000,0.000000,1.000000,0.032774,0.011713,2,2,4,2
26,post_landing,111,1846.0,60,200.534,501.889,-0.00000,0.00000,-0.000000,1.673622,0,1,39.205,10.122,2,2,0.00000,0.00000,0.000000,-0.00000,0.00000,-0.000000,0.000000,1.000000,0.029057,0.010400,2,2,4,2
26,post_landing,112,1862.0,60,200.534,501.891,0.00000,-0.00000,0.000000,1.673621,0,1,39.205,10.123,2,2,-0.00000,0.00000,-0.000000,0.00000,-0.00000,0.000000,0.000000,1.000000,0.032774,0.011713,2,2,4,2
26,post_landing,113,1879.0,60,200.534,501.891,0.00000,0.00000,0.000000,1.673621,0,1,39.205,10.123,2,2,0.00000,-0.00000,0.000000,-0.00000,0.00000,-0.000000,0.000000,1.000000,0.032774,0.011713,2,2,4,2
26,post_landing,114,1896.0,60,200.534,501.889,-0.00000,0.00000,-0.000000,1.673622,0,1,39.205,10.122,2,2,0.00000,0.00000,0.000000,-0.00000,0.00000,-0.000000,0.000000,1.000000,0.029057,0.010400,2,2,4,2
26,post_landing,115,1912.0,60,200.534,501.891,0.00000,-0.00000,0.000000,1.673621,0,1,39.205,10.123,2,2,-0.00000,0.00000,-0.000000,0.00000,-0.00000,0.000000,0.000000,1.000000,0.032774,0.011713,2,2,4,2
26,post_landing,116,1929.0,60,200.534,501.891,0.00000,0.00000,0.000000,1.673621,0,1,39.205,10.123,2,2,0.00000,-0.00000,0.000000,-0.00000,0.00000,-0.000000,0.000000,1.000000,0.032774,0.011713,2,2,4,2
26,post_landing,117,1946.0,60,200.534,501.889,-0.00000,0.00000,-0.000000,1.673622,0,1,39.205,10.122,2,2,0.00000,0.00000,0.000000,-0.00000,0.00000,-0.000000,0.000000,1.000000,0.029057,0.010400,2,2,4,2
26,post_landing,118,1963.0,60,200.534,501.891,0.00000,-0.00000,0.000000,1.673621,0,1,39.205,10.123,2,2,-0.00000,0.00000,-0.000000,0.00000,-0.00000,0.000000,0.000000,1.000000,0.032774,0.011713,2,2,4,2
26,post_landing,119,1979.0,60,200.534,501.891,0.00000,0.00000,0.000000,1.673621,0,1,39.205,10.123,2,2,0.00000,-0.00000,0.000000,-0.00000,0.00000,-0.000000,0.000000,1.000000,0.032774,0.011713,2,2,4,2
26,post_landing,120,1996.0,60,200.534,501.889,-0.00000,0.00000,-0.000000,1.673622,0,1,39.205,10.122,2,2,0.00000,0.00000,0.000000,-0.00000,0.00000,-0.000000,0.000000,1.000000,0.029057,0.010400,2,2,4,2
27,falling,0,8.0,,195.000,96.328,0.00000,0.41316,0.000000,0.000000,0,0,0.000,0.000,0,0,0.00000,0.00000,0.000000,0.00000,0.41316,0.000000,,,,,0,0,0,0
27,falling,1,18.0,,195.000,96.601,0.00000,0.55937,0.000000,0.000000,0,0,0.000,0.000,0,0,0.00000,0.41316,0.000000,0.00000,0.14621,0.000000,,,,,0,0,0,0
27,falling,2,34.0,,195.000,97.293,0.00000,0.81659,0.000000,0.000000,0,0,0.000,0.000,0,0,0.00000,0.55937,0.000000,0.00000,0.25722,0.000000,,,,,0,0,0,0
27,falling,3,50.0,,195.000,98.297,0.00000,1.08588,0.000000,0.000000,0,0,0.000,0.000,0,0,0.00000,0.81659,0.000000,0.00000,0.26929,0.000000,,,,,0,0,0,0
27,falling,4,67.0,,195.000,99.574,0.00000,1.35107,0.000000,0.000000,0,0,0.000,0.000,0,0,0.00000,1.08588,0.000000,0.00000,0.26519,0.000000,,,,,0,0,0,0
27,falling,5,84.0,,195.000,101.019,0.00000,1.59695,0.000000,0.000000,0,0,0.000,0.000,0,0,0.00000,1.35107,0.000000,0.00000,0.24588,0.000000,,,,,0,0,0,0
27,falling,6,100.0,,195.000,102.813,0.00000,1.85437,0.000000,0.000000,0,0,0.000,0.000,0,0,0.00000,1.59695,0.000000,0.00000,0.25742,0.000000,,,,,0,0,0,0
27,falling,7,117.0,,195.000,104.866,0.00000,2.10787,0.000000,0.000000,0,0,0.000,0.000,0,0,0.00000,1.85437,0.000000,0.00000,0.25350,0.000000,,,,,0,0,0,0
27,falling,8,134.0,,195.000,107.031,0.00000,2.34291,0.000000,0.000000,0,0,0.000,0.000,0,0,0.00000,2.10787,0.000000,0.00000,0.23504,0.000000,,,,,0,0,0,0
27,falling,9,150.0,,195.000,109.578,0.00000,2.58898,0.000000,0.000000,0,0,0.000,0.000,0,0,0.00000,2.34291,0.000000,0.00000,0.24607,0.000000,,,,,0,0,0,0
27,falling,10,167.0,,195.000,112.373,0.00000,2.83131,0.000000,0.000000,0,0,0.000,0.000,0,0,0.00000,2.58898,0.000000,0.00000,0.24233,0.000000,,,,,0,0,0,0
27,falling,20,334.0,,195.000,151.976,0.00000,5.01209,0.000000,0.000000,0,0,0.000,0.000,0,0,0.00000,4.81584,0.000000,0.00000,0.19626,0.000000,,,,,0,0,0,0
27,falling,30,500.0,,195.000,212.130,0.00000,6.90021,0.000000,0.000000,0,0,0.000,0.000,0,0,0.00000,6.73139,0.000000,0.00000,0.16882,0.000000,,,,,0,0,0,0
27,falling,40,667.0,,195.000,289.815,0.00000,8.52438,0.000000,0.000000,0,0,0.000,0.000,0,0,0.00000,8.36999,0.000000,0.00000,0.15438,0.000000,,,,,0,0,0,0
27,falling,50,834.0,,195.000,382.580,0.00000,9.92150,0.000000,0.000000,0,0,0.000,0.000,0,0,0.00000,9.78870,0.000000,0.00000,0.13280,0.000000,,,,,0,0,0,0
27,falling,58,967.0,,195.000,465.828,0.00000,10.89307,0.000000,0.000000,0,0,0.000,0.000,0,0,0.00000,10.77528,0.000000,0.00000,0.11779,0.000000,,,,,0,0,0,0
27,falling,59,984.0,,195.000,477.013,0.00000,11.00907,0.000000,0.000000,0,0,0.000,0.000,0,0,0.00000,10.89307,0.000000,0.00000,0.11600,0.000000,,,,,0,0,0,0
27,post_landing,60,1001.0,60,194.765,481.768,0.00000,1.97579,0.000000,-0.080539,0,1,0.000,13.496,1,1,0.00000,11.00907,0.000000,-0.87316,-9.03329,-0.145337,0.000000,1.000000,0.015936,0.024693,1,1,2,1
27,post_landing,61,1018.0,60,193.499,482.871,0.00000,0.80986,0.000000,-0.154222,0,1,0.000,16.349,1,1,0.00000,1.97579,0.000000,-1.55014,-1.16592,-0.049407,0.000000,1.000000,0.043184,0.023981,1,1,2,1
27,post_landing,62,1034.0,60,191.910,483.399,-1.47474,0.59599,-0.034126,-0.185385,0,1,0.000,17.530,1,1,0.00000,0.80986,0.000000,-1.47474,-0.21387,-0.034126,0.000000,1.000000,0.038753,0.024362,1,1,2,1
27,post_landing,63,1051.0,60,190.533,484.041,-1.42840,0.71898,-0.039718,-0.220753,0,1,0.000,18.849,1,1,-1.47474,0.59599,-0.034126,0.04634,0.12299,-0.005592,0.000000,1.000000,0.033595,0.023176,1,1,2,1
27,post_landing,64,1067.0,60,189.069,484.848,-1.46233,0.81398,-0.041684,-0.261861,0,1,0.000,20.353,1,1,-1.42840,0.71898,-0.039718,-0.03393,0.09499,-0.001966,0.000000,1.000000,0.033572,0.024807,1,1,2,1
27,post_landing,65,1084.0,60,187.571,485.759,-1.49377,0.92132,-0.043786,-0.305003,0,1,0.000,21.895,1,1,-1.46233,0.81398,-0.041684,-0.03144,0.10735,-0.002102,0.000000,1.000000,0.032622,0.024888,1,1,2,1
27,post_landing,66,1101.0,60,186.132,486.722,-1.52050,1.03404,-0.045843,-0.347602,0,1,0.000,23.377,1,1,-1.49377,0.92132,-0.043786,-0.02673,0.11271,-0.002057,0.000000,1.000000,0.029465,0.023531,1,1,2,1
27,post_landing,67,1118.0,60,184.827,486.693,-0.95832,-0.31411,-0.014591,-0.366771,0,1,0.000,-21.848,1,1,-1.52050,1.03404,-0.045843,0.56217,-1.34815,0.031252,0.000000,1.000000,0.039190,0.026471,1,1,2,1
27,post_landing,68,1134.0,60,183.956,486.353,-0.72635,-0.33399,-0.015984,-0.382575,0,1,0.000,-21.302,1,1,-0.95832,-0.31411,-0.014591,0.23198,-0.01988,-0.001393,0.000000,1.000000,0.045206,0.025140,1,1,2,1
27,post_landing,69,1151.0,60,183.309,486.041,-0.60476,-0.29211,-0.014135,-0.397328,0,1,0.000,-20.789,1,1,-0.72635,-0.33399,-0.015984,0.12159,0.04188,0.001849,0.000000,1.000000,0.040657,0.023719,1,1,2,1
27,post_landing,70,1167.0,60,182.733,485.769,-0.50647,-0.23001,-0.011327,-0.410621,0,1,0.000,-20.322,1,1,-0.60476,-0.29211,-0.014135,0.09829,0.06210,0.002808,0.000000,1.000000,0.043738,0.025177,1,1,2,1
27,post_landing,71,1184.0,60,182.254,485.558,-0.41128,-0.17109,-0.008579,-0.421077,0,1,0.000,-19.952,1,1,-0.50647,-0.23001,-0.011327,0.09518,0.05892,0.002748,0.000000,1.000000,0.043753,0.025167,1,1,2,1
27,post_landing,72,1201.0,60,181.894,485.411,-0.32081,-0.12094,-0.006153,-0.428417,0,1,0.000,-19.691,1,1,-0.41128,-0.17109,-0.008579,0.09047,0.05016,0.002426,0.000000,1.000000,0.040244,0.023698,1,1,2,1
27,post_landing,73,1217.0,60,181.602,485.311,-0.23036,-0.06783,-0.003471,-0.433636,0,1,0.000,-19.505,1,1,-0.32081,-0.12094,-0.006153,0.09045,0.05311,0.002682,0.000000,1.000000,0.043785,0.025174,1,1,2,1
27,post_landing,74,1234.0,60,181.403,485.262,-0.13977,-0.01772,-0.000912,-0.436182,0,1,0.000,-19.414,1,1,-0.23036,-0.06783,-0.003471,0.09059,0.05011,0.002559,0.000000,1.000000,0.044882,0.023835,1,1,2,1
27,post_landing,75,1251.0,60,181.300,485.259,-0.05325,0.02654,0.001359,-0.436246,0,1,0.000,-19.412,1,1,-0.13977,-0.01772,-0.000912,0.08653,0.04426,0.002271,0.000000,1.000000,0.041232,0.022520,1,1,2,1
27,post_landing,76,1267.0,60,181.279,485.307,0.03316,0.07614,0.003915,-0.433883,0,1,0.000,-19.496,1,1,-0.05325,0.02654,0.001359,0.08640,0.04960,0.002556,0.000000,1.000000,0.044832,0.023839,1,1,2,1
27,post_landing,77,1284.0,60,181.346,485.403,0.11985,0.12550,0.006383,-0.428962,0,1,0.000,-19.672,1,1,0.03316,0.07614,0.003915,0.08669,0.04936,0.002468,0.000000,1.000000,0.044831,0.023839,1,1,2,1
27,post_landing,78,1301.0,60,181.491,485.538,0.20287,0.17142,0.008601,-0.422069,0,1,0.000,-19.917,1,1,0.11985,0.12550,0.006383,0.08303,0.04592,0.002218,0.000000,1.000000,0.041147,0.022527,1,1,2,1
27,post_landing,79,1318.0,60,181.728,485.735,0.28565,0.22528,0.011131,-0.412359,0,1,0.000,-20.260,1,1,0.20287,0.17142,0.008601,0.08278,0.05386,0.002529,0.000000,1.000000,0.044696,0.023851,1,1,2,1
27,post_landing,80,1334.0,60,182.050,485.986,0.36876,0.28139,0.013605,-0.400105,0,1,0.000,-20.691,1,1,0.28565,0.22528,0.011131,0.08311,0.05611,0.002474,0.000000,1.000000,0.044656,0.023855,1,1,2,1
27,post_landing,81,1351.0,60,182.432,486.273,0.44842,0.33585,0.015859,-0.386293,0,1,0.000,-21.173,1,1,0.36876,0.28139,0.013605,0.07966,0.05446,0.002254,0.000000,1.000000,0.040955,0.022544,1,1,2,1
27,post_landing,82,1367.0,60,182.917,486.642,0.52736,0.40118,0.018443,-0.369190,0,1,0.000,-21.765,1,1,0.44842,0.33585,0.015859,0.07894,0.06533,0.002584,0.000000,1.000000,0.044453,0.023872,1,1,2,1
27,post_landing,83,1384.0,60,183.445,486.873,0.38056,-0.07878,0.003220,-0.353781,0,1,0.000,23.588,1,1,0.52736,0.40118,0.018443,-0.14680,-0.47996,-0.015223,0.000000,1.000000,0.086660,0.020246,1,1,2,1
27,post_landing,84,1401.0,60,183.746,486.795,0.22239,-0.05260,0.002415,-0.350736,0,1,0.000,23.484,1,1,0.38056,-0.07878,0.003220,-0.15817,0.02618,-0.000805,0.000000,1.000000,0.041584,0.023687,1,1,2,1
27,post_landing,85,1418.0,60,183.929,486.765,0.11205,0.00845,-0.000340,-0.349309,0,1,0.000,23.435,1,1,0.22239,-0.05260,0.002415,-0.11034,0.06105,-0.002755,0.000000,1.000000,0.045116,0.023815,1,1,2,1
27,post_landing,86,1434.0,60,184.004,486.798,0.01082,0.07563,-0.003218,-0.350749,0,1,0.000,23.485,1,1,0.11205,0.00845,-0.000340,-0.10123,0.06718,-0.002877,0.000000,1.000000,0.044921,0.023832,1,1,2,1
27,post_landing,87,1451.0,60,183.979,486.891,-0.08459,0.13803,-0.005836,-0.354758,0,1,0.000,23.622,1,1,0.01082,0.07563,-0.003218,-0.09541,0.06240,-0.002619,0.000000,1.000000,0.041211,0.022522,1,1,2,1
27,post_landing,88,1467.0,60,183.952,486.927,0.00012,0.00001,0.000002,-0.356373,0,1,45.880,0.737,2,2,-0.08459,0.13803,-0.005836,0.08471,-0.13801,0.005839,0.000000,1.000000,0.048392,0.027363,2,2,4,2
27,post_landing,89,1484.0,60,183.952,486.927,0.00000,0.00000,0.000000,-0.356373,0,1,45.880,0.737,2,2,0.00012,0.00001,0.000002,-0.00012,-0.00001,-0.000002,0.000000,1.000000,0.048417,0.027355,2,2,4,2
27,post_landing,90,1501.0,60,183.952,486.926,-0.00000,0.00000,-0.000000,-0.356375,0,1,45.880,0.737,2,2,0.00000,0.00000,0.000000,-0.00000,0.00000,-0.000000,0.000000,1.000000,0.044737,0.026081,2,2,4,2
27,post_landing,91,1518.0,60,183.952,486.927,0.00000,-0.00000,0.000000,-0.356373,0,1,45.880,0.737,2,2,-0.00000,0.00000,-0.000000,0.00000,-0.00000,0.000000,0.000000,1.000000,0.048417,0.027355,2,2,4,2
27,post_landing,92,1534.0,60,183.952,486.927,0.00000,0.00000,0.000000,-0.356373,0,1,45.880,0.737,2,2,0.00000,-0.00000,0.000000,-0.00000,0.00000,-0.000000,0.000000,1.000000,0.048416,0.027355,2,2,4,2
27,post_landing,93,1551.0,60,183.952,486.926,-0.00000,0.00000,-0.000000,-0.356375,0,1,45.880,0.737,2,2,0.00000,0.00000,0.000000,-0.00000,0.00000,-0.000000,0.000000,1.000000,0.044737,0.026081,2,2,4,2
27,post_landing,94,1568.0,60,183.952,486.927,0.00000,-0.00000,0.000000,-0.356373,0,1,45.880,0.737,2,2,-0.00000,0.00000,-0.000000,0.00000,-0.00000,0.000000,0.000000,1.000000,0.048417,0.027355,2,2,4,2
27,post_landing,95,1584.0,60,183.952,486.927,0.00000,0.00000,0.000000,-0.356373,0,1,45.880,0.737,2,2,0.00000,-0.00000,0.000000,-0.00000,0.00000,-0.000000,0.000000,1.000000,0.048416,0.027355,2,2,4,2
27,post_landing,96,1601.0,60,183.952,486.926,-0.00000,0.00000,-0.000000,-0.356375,0,1,45.880,0.737,2,2,0.00000,0.00000,0.000000,-0.00000,0.00000,-0.000000,0.000000,1.000000,0.044737,0.026081,2,2,4,2
27,post_landing,97,1618.0,60,183.952,486.927,0.00000,-0.00000,0.000000,-0.356373,0,1,45.880,0.737,2,2,-0.00000,0.00000,-0.000000,0.00000,-0.00000,0.000000,0.000000,1.000000,0.048417,0.027355,2,2,4,2
27,post_landing,98,1634.0,60,183.952,486.927,0.00000,0.00000,0.000000,-0.356373,0,1,45.880,0.737,2,2,0.00000,-0.00000,0.000000,-0.00000,0.00000,-0.000000,0.000000,1.000000,0.048417,0.027355,2,2,4,2
27,post_landing,99,1651.0,60,183.952,486.926,-0.00000,0.00000,-0.000000,-0.356375,0,1,45.880,0.737,2,2,0.00000,0.00000,0.000000,-0.00000,0.00000,-0.000000,0.000000,1.000000,0.044737,0.026081,2,2,4,2
27,post_landing,100,1668.0,60,183.952,486.927,0.00000,-0.00000,0.000000,-0.356373,0,1,45.880,0.737,2,2,-0.00000,0.00000,-0.000000,0.00000,-0.00000,0.000000,0.000000,1.000000,0.048417,0.027355,2,2,4,2
27,post_landing,101,1684.0,60,183.952,486.927,0.00000,0.00000,0.000000,-0.356373,0,1,45.880,0.737,2,2,0.00000,-0.00000,0.000000,-0.00000,0.00000,-0.000000,0.000000,1.000000,0.048417,0.027355,2,2,4,2
27,post_landing,102,1701.0,60,183.952,486.926,-0.00000,0.00000,-0.000000,-0.356375,0,1,45.880,0.737,2,2,0.00000,0.00000,0.000000,-0.00000,0.00000,-0.000000,0.000000,1.000000,0.044737,0.026081,2,2,4,2
27,post_landing,103,1718.0,60,183.952,486.927,0.00000,-0.00000,0.000000,-0.356373,0,1,45.880,0.737,2,2,-0.00000,0.00000,-0.000000,0.00000,-0.00000,0.000000,0.000000,1.000000,0.048417,0.027355,2,2,4,2
27,post_landing,104,1734.0,60,183.952,486.927,0.00000,0.00000,0.000000,-0.356373,0,1,45.880,0.737,2,2,0.00000,-0.00000,0.000000,-0.00000,0.00000,-0.000000,0.000000,1.000000,0.048417,0.027355,2,2,4,2
27,post_landing,105,1751.0,60,183.952,486.927,0.00000,0.00000,0.000000,-0.356373,0,1,45.880,0.737,2,2,0.00000,0.00000,0.000000,-0.00000,-0.00000,-0.000000,0.000000,1.000000,0.048417,0.027355,2,2,4,2
27,post_landing,106,1768.0,60,183.952,486.926,-0.00000,0.00000,-0.000000,-0.356375,0,1,45.880,0.737,2,2,0.00000,0.00000,0.000000,-0.00000,0.00000,-0.000000,0.000000,1.000000,0.044737,0.026081,2,2,4,2
27,post_landing,107,1784.0,60,183.952,486.927,0.00000,-0.00000,0.000000,-0.356373,0,1,45.880,0.737,2,2,-0.00000,0.00000,-0.000000,0.00000,-0.00000,0.000000,0.000000,1.000000,0.048417,0.027355,2,2,4,2
27,post_landing,108,1801.0,60,183.952,486.926,-0.00000,0.00000,-0.000000,-0.356375,0,1,45.880,0.737,2,2,0.00000,-0.00000,0.000000,-0.00000,0.00000,-0.000000,0.000000,1.000000,0.044737,0.026081,2,2,4,2
27,post_landing,109,1818.0,60,183.952,486.927,0.00000,-0.00000,0.000000,-0.356373,0,1,45.880,0.737,2,2,-0.00000,0.00000,-0.000000,0.00000,-0.00000,0.000000,0.000000,1.000000,0.048417,0.027355,2,2,4,2
27,post_landing,110,1834.0,60,183.952,486.927,0.00000,0.00000,0.000000,-0.356373,0,1,45.880,0.737,2,2,0.00000,-0.00000,0.000000,-0.00000,0.00000,-0.000000,0.000000,1.000000,0.048417,0.027355,2,2,4,2
27,post_landing,111,1851.0,60,183.952,486.926,-0.00000,0.00000,-0.000000,-0.356375,0,1,45.880,0.737,2,2,0.00000,0.00000,0.000000,-0.00000,0.00000,-0.000000,0.000000,1.000000,0.044737,0.026081,2,2,4,2
27,post_landing,112,1867.0,60,183.952,486.927,0.00000,-0.00000,0.000000,-0.356373,0,1,45.880,0.737,2,2,-0.00000,0.00000,-0.000000,0.00000,-0.00000,0.000000,0.000000,1.000000,0.048417,0.027355,2,2,4,2
27,post_landing,113,1884.0,60,183.952,486.927,0.00000,0.00000,0.000000,-0.356373,0,1,45.880,0.737,2,2,0.00000,-0.00000,0.000000,-0.00000,0.00000,-0.000000,0.000000,1.000000,0.048417,0.027355,2,2,4,2
27,post_landing,114,1901.0,60,183.952,486.926,-0.00000,0.00000,-0.000000,-0.356375,0,1,45.880,0.737,2,2,0.00000,0.00000,0.000000,-0.00000,0.00000,-0.000000,0.000000,1.000000,0.044737,0.026081,2,2,4,2
27,post_landing,115,1918.0,60,183.952,486.927,0.00000,-0.00000,0.000000,-0.356373,0,1,45.880,0.737,2,2,-0.00000,0.00000,-0.000000,0.00000,-0.00000,0.000000,0.000000,1.000000,0.048417,0.027355,2,2,4,2
27,post_landing,116,1934.0,60,183.952,486.927,0.00000,0.00000,0.000000,-0.356373,0,1,45.880,0.737,2,2,0.00000,-0.00000,0.000000,-0.00000,0.00000,-0.000000,0.000000,1.000000,0.048417,0.027355,2,2,4,2
27,post_landing,117,1951.0,60,183.952,486.926,-0.00000,0.00000,-0.000000,-0.356375,0,1,45.880,0.737,2,2,0.00000,0.00000,0.000000,-0.00000,0.00000,-0.000000,0.000000,1.000000,0.044737,0.026081,2,2,4,2
27,post_landing,118,1968.0,60,183.952,486.927,0.00000,-0.00000,0.000000,-0.356373,0,1,45.880,0.737,2,2,-0.00000,0.00000,-0.000000,0.00000,-0.00000,0.000000,0.000000,1.000000,0.048417,0.027355,2,2,4,2
27,post_landing,119,1984.0,60,183.952,486.927,0.00000,0.00000,0.000000,-0.356373,0,1,45.880,0.737,2,2,0.00000,-0.00000,0.000000,-0.00000,0.00000,-0.000000,0.000000,1.000000,0.048417,0.027355,2,2,4,2
27,post_landing,120,2001.0,60,183.952,486.926,-0.00000,0.00000,-0.000000,-0.356375,0,1,45.880,0.737,2,2,0.00000,0.00000,0.000000,-0.00000,0.00000,-0.000000,0.000000,1.000000,0.044737,0.026081,2,2,4,2
28,falling,0,14.0,,195.000,96.616,0.00000,0.54390,0.000000,0.000000,0,0,0.000,0.000,0,0,0.00000,0.00000,0.000000,0.00000,0.54390,0.000000,,,,,0,0,0,0
28,falling,1,19.0,,195.000,96.756,0.00000,0.60853,0.000000,0.000000,0,0,0.000,0.000,0,0,0.00000,0.54390,0.000000,0.00000,0.06462,0.000000,,,,,0,0,0,0
28,falling,2,35.0,,195.000,97.551,0.00000,0.88098,0.000000,0.000000,0,0,0.000,0.000,0,0,0.00000,0.60853,0.000000,0.00000,0.27245,0.000000,,,,,0,0,0,0
28,falling,3,52.0,,195.000,98.621,0.00000,1.14929,0.000000,0.000000,0,0,0.000,0.000,0,0,0.00000,0.88098,0.000000,0.00000,0.26831,0.000000,,,,,0,0,0,0
28,falling,4,69.0,,195.000,99.962,0.00000,1.41352,0.000000,0.000000,0,0,0.000,0.000,0,0,0.00000,1.14929,0.000000,0.00000,0.26423,0.000000,,,,,0,0,0,0
28,falling,5,85.0,,195.000,101.466,0.00000,1.65850,0.000000,0.000000,0,0,0.000,0.000,0,0,0.00000,1.41352,0.000000,0.00000,0.24499,0.000000,,,,,0,0,0,0
28,falling,6,102.0,,195.000,103.321,0.00000,1.91499,0.000000,0.000000,0,0,0.000,0.000,0,0,0.00000,1.65850,0.000000,0.00000,0.25648,0.000000,,,,,0,0,0,0
28,falling,7,119.0,,195.000,105.303,0.00000,2.15279,0.000000,0.000000,0,0,0.000,0.000,0,0,0.00000,1.91499,0.000000,0.00000,0.23780,0.000000,,,,,0,0,0,0
28,falling,8,135.0,,195.000,107.657,0.00000,2.40175,0.000000,0.000000,0,0,0.000,0.000,0,0,0.00000,2.15279,0.000000,0.00000,0.24896,0.000000,,,,,0,0,0,0
28,falling,9,152.0,,195.000,110.264,0.00000,2.64693,0.000000,0.000000,0,0,0.000,0.000,0,0,0.00000,2.40175,0.000000,0.00000,0.24518,0.000000,,,,,0,0,0,0
28,falling,10,169.0,,195.000,112.942,0.00000,2.87425,0.000000,0.000000,0,0,0.000,0.000,0,0,0.00000,2.64693,0.000000,0.00000,0.22732,0.000000,,,,,0,0,0,0
28,falling,20,335.0,,195.000,153.247,0.00000,5.06122,0.000000,0.000000,0,0,0.000,0.000,0,0,0.00000,4.85334,0.000000,0.00000,0.20788,0.000000,,,,,0,0,0,0
28,falling,30,502.0,,195.000,213.858,0.00000,6.94247,0.000000,0.000000,0,0,0.000,0.000,0,0,0.00000,6.76365,0.000000,0.00000,0.17882,0.000000,,,,,0,0,0,0
28,falling,40,669.0,,195.000,291.935,0.00000,8.56073,0.000000,0.000000,0,0,0.000,0.000,0,0,0.00000,8.40691,0.000000,0.00000,0.15382,0.000000,,,,,0,0,0,0
28,falling,50,836.0,,195.000,384.438,0.00000,9.94503,0.000000,0.000000,0,0,0.000,0.000,0,0,0.00000,9.82045,0.000000,0.00000,0.12458,0.000000,,,,,0,0,0,0
28,falling,58,969.0,,195.000,468.520,0.00000,10.92081,0.000000,0.000000,0,0,0.000,0.000,0,0,0.00000,10.80344,0.000000,0.00000,0.11737,0.000000,,,,,0,0,0,0
28,falling,59,986.0,,195.000,479.069,0.00000,11.02963,0.000000,0.000000,0,0,0.000,0.000,0,0,0.00000,10.92081,0.000000,0.00000,0.10882,0.000000,,,,,0,0,0,0
28,post_landing,60,1003.0,60,195.130,483.052,0.31013,0.00000,0.000000,0.191337,0,1,0.000,11.717,1,1,0.00000,11.02963,0.000000,0.31013,-11.48255,0.101465,0.000000,1.000000,0.203225,0.010234,1,1,2,1
28,post_landing,61,1019.0,60,195.636,482.457,0.57122,-0.33533,0.025177,0.238704,0,0,0.000,0.000,0,0,0.31013,0.00000,0.000000,0.26108,-0.33533,0.025177,,,,,0,0,0,0
28,post_landing,62,1036.0,60,196.179,482.299,0.57908,-0.13248,0.018649,0.262657,0,1,0.000,8.981,1,1,0.57122,-0.33533,0.025177,0.00786,0.20285,-0.006527,0.000000,1.000000,0.021646,0.024202,1,1,2,1
28,post_landing,63,1053.0,60,196.767,482.182,0.54958,-0.11817,0.010711,0.276351,0,1,0.000,8.450,1,1,0.57908,-0.13248,0.018649,-0.02950,0.01431,-0.007938,0.000000,1.000000,0.036344,0.025281,1,1,2,1
28,post_landing,64,1069.0,60,197.306,482.101,0.46387,-0.09207,0.015070,0.286159,0,1,0.000,8.068,1,1,0.54958,-0.11817,0.010711,-0.08571,0.02610,0.004359,0.000000,1.000000,0.034801,0.025432,1,1,2,1
28,post_landing,65,1086.0,60,197.741,482.007,0.42140,-0.07027,0.012296,0.297836,0,1,0.000,7.613,1,1,0.46387,-0.09207,0.015070,-0.04247,0.02180,-0.002774,0.000000,1.000000,0.035068,0.024436,1,1,2,1
28,post_landing,66,1103.0,60,198.144,481.916,0.36462,-0.05993,0.012002,0.310722,0,1,0.000,7.110,1,1,0.42140,-0.07027,0.012296,-0.05679,0.01034,-0.000295,0.000000,1.000000,0.050384,0.023363,1,1,2,1
28,post_landing,67,1119.0,60,198.496,481.836,0.31736,-0.04725,0.010776,0.322411,0,1,0.000,6.652,1,1,0.36462,-0.05993,0.012002,-0.04726,0.01268,-0.001225,0.000000,1.000000,0.051465,0.023270,1,1,2,1
28,post_landing,68,1136.0,60,198.784,481.770,0.27640,-0.03872,0.009512,0.332363,0,1,0.000,6.262,1,1,0.31736,-0.04725,0.010776,-0.04096,0.00853,-0.001265,0.000000,1.000000,0.046469,0.022070,1,1,2,1
28,post_landing,69,1153.0,60,199.051,481.717,0.24041,-0.02217,0.007581,0.341288,0,1,0.000,5.911,1,1,0.27640,-0.03872,0.009512,-0.03599,0.01655,-0.001931,0.000000,1.000000,0.051043,0.023306,1,1,2,1
28,post_landing,70,1169.0,60,199.282,481.676,0.20259,-0.01378,0.006336,0.348388,0,1,0.000,5.632,1,1,0.24041,-0.02217,0.007581,-0.03782,0.00838,-0.001245,0.000000,1.000000,0.050863,0.023321,1,1,2,1
28,post_landing,71,1186.0,60,199.472,481.642,0.16298,-0.01008,0.005808,0.354601,0,1,0.000,5.387,1,1,0.20259,-0.01378,0.006336,-0.03961,0.00371,-0.000527,0.000000,1.000000,0.050684,0.023337,1,1,2,1
28,post_landing,72,1203.0,60,199.613,481.610,0.12182,-0.01432,0.006302,0.360293,0,1,0.000,5.163,1,1,0.16298,-0.01008,0.005808,-0.04116,-0.00425,0.000494,0.000000,1.000000,0.045855,0.022123,1,1,2,1
28,post_landing,73,1219.0,60,199.725,481.581,0.09125,-0.00495,0.005035,0.366386,0,1,0.000,4.923,1,1,0.12182,-0.01432,0.006302,-0.03057,0.00937,-0.001267,0.000000,1.000000,0.050313,0.023369,1,1,2,1
28,post_landing,74,1236.0,60,199.807,481.559,0.06372,0.00260,0.003515,0.370905,0,1,0.000,4.744,1,1,0.09125,-0.00495,0.005035,-0.02753,0.00755,-0.001520,0.000000,1.000000,0.050168,0.023381,1,1,2,1
28,post_landing,75,1253.0,60,199.857,481.543,0.03503,0.00385,0.002786,0.373978,0,1,0.000,4.623,1,1,0.06372,0.00260,0.003515,-0.02869,0.00125,-0.000730,0.000000,1.000000,0.045489,0.022154,1,1,2,1
28,post_landing,76,1269.0,60,199.883,481.534,0.00836,0.01115,0.001641,0.376379,0,1,0.000,4.528,1,1,0.03503,0.00385,0.002786,-0.02667,0.00729,-0.001144,0.000000,1.000000,0.049975,0.023398,1,1,2,1
28,post_landing,77,1286.0,60,199.881,481.526,-0.01955,0.01117,0.001147,0.377751,0,1,0.000,4.474,1,1,0.00836,0.01115,0.001641,-0.02790,0.00002,-0.000495,0.000000,1.000000,0.045374,0.022164,1,1,2,1
28,post_landing,78,1303.0,60,199.851,481.524,-0.04539,0.01758,0.000162,0.378553,0,1,0.000,4.442,1,1,-0.01955,0.01117,0.001147,-0.02584,0.00641,-0.000985,0.000000,1.000000,0.049888,0.023405,1,1,2,1
28,post_landing,79,1319.0,60,199.795,481.525,-0.07316,0.02016,-0.000417,0.378443,0,1,0.000,4.447,1,1,-0.04539,0.01758,0.000162,-0.02778,0.00259,-0.000579,0.000000,1.000000,0.049886,0.023405,1,1,2,1
28,post_landing,80,1336.0,60,199.709,481.527,-0.10129,0.02227,-0.000868,0.377849,0,1,0.000,4.470,1,1,-0.07316,0.02016,-0.000417,-0.02812,0.00210,-0.000451,0.000000,1.000000,0.049902,0.023404,1,1,2,1
28,post_landing,81,1353.0,60,199.602,481.529,-0.13091,0.01964,-0.000724,0.377058,0,1,0.000,4.502,1,1,-0.10129,0.02227,-0.000868,-0.02962,-0.00263,0.000144,0.000000,1.000000,0.045380,0.022163,1,1,2,1
28,post_landing,82,1369.0,60,199.458,481.535,-0.15816,0.02408,-0.001206,0.376158,0,1,0.000,4.537,1,1,-0.13091,0.01964,-0.000724,-0.02725,0.00444,-0.000482,0.000000,1.000000,0.049958,0.023399,1,1,2,1
28,post_landing,83,1386.0,60,199.287,481.541,-0.18499,0.02698,-0.001783,0.374717,0,1,0.000,4.594,1,1,-0.15816,0.02408,-0.001206,-0.02683,0.00290,-0.000577,0.000000,1.000000,0.050002,0.023395,1,1,2,1
28,post_landing,84,1403.0,60,199.101,481.548,-0.20961,0.02845,-0.002486,0.372890,0,1,0.000,4.666,1,1,-0.18499,0.02698,-0.001783,-0.02462,0.00147,-0.000702,0.000000,1.000000,0.044380,0.022249,1,1,2,1
28,post_landing,85,1419.0,60,198.881,481.565,-0.22852,0.04088,-0.004473,0.369634,0,1,0.000,4.795,1,1,-0.20961,0.02845,-0.002486,-0.01891,0.01243,-0.001987,0.000000,1.000000,0.050138,0.023384,1,1,2,1
28,post_landing,86,1436.0,60,198.635,481.586,-0.26370,0.03844,-0.003726,0.365392,0,1,0.000,4.962,1,1,-0.22852,0.04088,-0.004473,-0.03517,-0.00244,0.000747,0.000000,1.000000,0.050282,0.023371,1,1,2,1
28,post_landing,87,1453.0,60,198.384,481.614,-0.26222,0.03426,-0.010110,0.359361,0,1,0.000,5.200,1,1,-0.26370,0.03844,-0.003726,0.00148,-0.00418,-0.006385,0.000000,1.000000,0.037051,0.022879,1,1,2,1
28,post_landing,88,1469.0,60,198.085,481.651,-0.31424,0.05373,-0.005927,0.352907,0,1,0.000,5.454,1,1,-0.26222,0.03426,-0.010110,-0.05202,0.01947,0.004184,0.000000,1.000000,0.050597,0.023344,1,1,2,1
28,post_landing,89,1486.0,60,197.757,481.689,-0.34201,0.06262,-0.007078,0.346168,0,1,0.000,5.719,1,1,-0.31424,0.05373,-0.005927,-0.02778,0.00889,-0.001152,0.000000,1.000000,0.050810,0.023326,1,1,2,1
28,post_landing,90,1503.0,60,197.417,481.726,-0.37869,0.06000,-0.006654,0.339550,0,1,0.000,5.979,1,1,-0.34201,0.06262,-0.007078,-0.03667,-0.00262,0.000424,0.000000,1.000000,0.046277,0.022086,1,1,2,1
28,post_landing,91,1519.0,60,197.019,481.770,-0.41204,0.06877,-0.007241,0.332615,0,1,0.000,6.252,1,1,-0.37869,0.06000,-0.006654,-0.03335,0.00876,-0.000586,0.000000,1.000000,0.051187,0.023293,1,1,2,1
28,post_landing,92,1536.0,60,196.588,481.819,-0.44489,0.07798,-0.008204,0.324916,0,1,0.000,6.554,1,1,-0.41204,0.06877,-0.007241,-0.03285,0.00921,-0.000964,0.000000,1.000000,0.051361,0.023279,1,1,2,1
28,post_landing,93,1553.0,60,196.154,481.876,-0.46742,0.09628,-0.010752,0.316145,0,1,0.000,6.897,1,1,-0.44489,0.07798,-0.008204,-0.02253,0.01830,-0.002548,0.000000,1.000000,0.046689,0.022051,1,1,2,1
28,post_landing,94,1570.0,60,195.662,481.954,-0.51273,0.10055,-0.010220,0.305494,0,1,0.000,7.314,1,1,-0.46742,0.09628,-0.010752,-0.04531,0.00427,0.000533,0.000000,1.000000,0.051731,0.023247,1,1,2,1
28,post_landing,95,1586.0,60,195.128,482.036,-0.52317,0.10504,-0.017001,0.294550,0,1,0.000,7.741,1,1,-0.51273,0.10055,-0.010220,-0.01044,0.00449,-0.006781,0.000000,1.000000,0.051880,0.023234,1,1,2,1
28,post_landing,96,1603.0,60,194.609,482.159,-0.56868,0.11548,-0.016754,0.278966,0,1,0.000,8.348,1,1,-0.52317,0.10504,-0.017001,-0.04551,0.01045,0.000247,0.000000,1.000000,0.035468,0.023015,1,1,2,1
28,post_landing,97,1619.0,60,194.021,482.320,-0.60152,0.14447,-0.019508,0.260630,0,1,0.000,9.059,1,1,-0.56868,0.11548,-0.016754,-0.03284,0.02899,-0.002754,0.000000,1.000000,0.036158,0.024585,1,1,2,1
28,post_landing,98,1636.0,60,193.375,482.477,-0.65089,0.16634,-0.020149,0.244071,0,1,0.000,9.699,1,1,-0.60152,0.14447,-0.019508,-0.04937,0.02187,-0.000641,0.000000,1.000000,0.052319,0.023196,1,1,2,1
28,post_landing,99,1653.0,60,192.723,482.649,-0.69554,0.18951,-0.021588,0.226655,0,1,0.000,10.369,1,1,-0.65089,0.16634,-0.020149,-0.04465,0.02317,-0.001439,0.000000,1.000000,0.032419,0.023277,1,1,2,1
28,post_landing,100,1670.0,60,191.981,482.856,-0.75148,0.21645,-0.022203,0.207584,0,1,0.000,11.099,1,1,-0.69554,0.18951,-0.021588,-0.05594,0.02694,-0.000615,0.000000,1.000000,0.052594,0.023173,1,1,2,1
28,post_landing,101,1686.0,60,191.184,483.098,-0.79913,0.26077,-0.024150,0.186403,0,1,0.000,11.905,1,1,-0.75148,0.21645,-0.022203,-0.04765,0.04432,-0.001947,0.000000,1.000000,0.033361,0.024825,1,1,2,1
28,post_landing,102,1703.0,60,190.473,483.120,-0.59854,-0.18493,-0.010067,0.170914,0,1,0.000,-15.952,1,1,-0.79913,0.26077,-0.024150,0.20059,-0.44570,0.014083,0.000000,1.000000,0.049195,0.024548,1,1,2,1
28,post_landing,103,1720.0,60,189.911,482.954,-0.48657,-0.13783,-0.010832,0.160323,0,1,0.000,-15.550,1,1,-0.59854,-0.18493,-0.010067,0.11197,0.04710,-0.000765,0.000000,1.000000,0.031022,0.026482,1,1,2,1
28,post_landing,104,1736.0,60,189.459,482.791,-0.38560,-0.14971,-0.005904,0.149627,0,1,0.000,-15.141,1,1,-0.48657,-0.13783,-0.010832,0.10097,-0.01188,0.004927,0.000000,1.000000,0.051592,0.025042,1,1,2,1
28,post_landing,105,1753.0,60,189.121,482.663,-0.27281,-0.11046,-0.008019,0.141116,0,1,0.000,-14.815,1,1,-0.38560,-0.14971,-0.005904,0.11279,0.03926,-0.002115,0.000000,1.000000,0.035693,0.026026,1,1,2,1
28,post_landing,106,1770.0,60,188.890,482.566,-0.20109,-0.07985,-0.003595,0.134551,0,1,0.000,-14.563,1,1,-0.27281,-0.11046,-0.008019,0.07172,0.03061,0.004424,0.000000,1.000000,0.032919,0.024041,1,1,2,1
28,post_landing,107,1786.0,60,188.721,482.503,-0.10777,-0.02885,-0.004167,0.129979,0,1,0.000,-14.387,1,1,-0.20109,-0.07985,-0.003595,0.09332,0.05100,-0.000572,0.000000,1.000000,0.053304,0.023112,1,1,2,1
28,post_landing,108,1803.0,60,188.645,482.452,-0.02108,-0.00138,-0.002283,0.126443,0,1,0.000,-14.251,1,1,-0.10777,-0.02885,-0.004167,0.08669,0.02747,0.001884,0.000000,1.000000,0.053378,0.023105,1,1,2,1
28,post_landing,109,1820.0,60,188.653,482.450,0.05617,0.00477,0.001379,0.126468,0,1,0.000,-14.252,1,1,-0.02108,-0.00138,-0.002283,0.07724,0.00615,0.003661,0.000000,1.000000,0.034099,0.023132,1,1,2,1
28,post_landing,110,1836.0,60,188.739,482.469,0.13309,0.06361,0.002272,0.127588,0,1,0.000,-14.295,1,1,0.05617,0.00477,0.001379,0.07693,0.05884,0.000893,0.000000,1.000000,0.053381,0.023105,1,1,2,1
28,post_landing,111,1853.0,60,188.903,482.515,0.20890,0.10024,0.004795,0.130858,0,1,0.000,-14.421,1,1,0.13309,0.06361,0.002272,0.07581,0.03663,0.002523,0.000000,1.000000,0.053357,0.023107,1,1,2,1
28,post_landing,112,1870.0,60,189.133,482.588,0.29096,0.11852,0.006228,0.136002,0,1,0.000,-14.619,1,1,0.20890,0.10024,0.004795,0.08206,0.01828,0.001433,0.000000,1.000000,0.047816,0.021954,1,1,2,1
28,post_landing,113,1886.0,60,189.456,482.698,0.36233,0.16408,0.008938,0.143317,0,1,0.000,-14.900,1,1,0.29096,0.11852,0.006228,0.07136,0.04556,0.002710,0.000000,1.000000,0.053245,0.023117,1,1,2,1
28,post_landing,114,1903.0,60,189.867,482.835,0.45411,0.18205,0.009924,0.152373,0,1,0.000,-15.246,1,1,0.36233,0.16408,0.008938,0.09178,0.01797,0.000986,0.000000,1.000000,0.056014,0.022879,1,1,2,1
28,post_landing,115,1920.0,60,190.322,483.000,0.50932,0.22140,0.015378,0.163210,0,1,0.000,-15.659,1,1,0.45411,0.18205,0.009924,0.05521,0.03935,0.005453,0.000000,1.000000,0.047960,0.021942,1,1,2,1
28,post_landing,116,1936.0,60,190.884,483.219,0.50781,-0.10212,0.005938,0.177843,0,1,28.443,-1.993,2,2,0.50932,0.22140,0.015378,-0.00151,-0.32352,-0.009440,0.000000,1.000000,0.069586,0.039223,2,2,4,2
28,post_landing,117,1953.0,60,191.359,483.118,0.42414,-0.10230,0.003121,0.184683,0,1,0.000,11.970,1,1,0.50781,-0.10212,0.005938,-0.08367,-0.00018,-0.002817,0.000000,1.000000,0.033922,0.025545,1,1,2,1
28,post_landing,118,1970.0,60,191.727,483.064,0.30313,-0.08946,0.009870,0.189231,0,1,0.000,11.797,1,1,0.42414,-0.10230,0.003121,-0.12101,0.01284,0.006749,0.000000,1.000000,0.038667,0.022740,1,1,2,1
28,post_landing,119,1986.0,60,192.005,482.955,0.23559,-0.05392,0.007344,0.198670,0,1,0.000,11.438,1,1,0.30313,-0.08946,0.009870,-0.06754,0.03554,-0.002526,0.000000,1.000000,0.051571,0.025019,1,1,2,1
28,post_landing,120,2003.0,60,192.220,482.883,0.16558,-0.02959,0.005325,0.205169,0,1,0.000,11.191,1,1,0.23559,-0.05392,0.007344,-0.07001,0.02433,-0.002019,0.000000,1.000000,0.053044,0.023134,1,1,2,1
29,falling,0,18.0,,195.000,96.616,0.00000,0.54390,0.000000,0.000000,0,0,0.000,0.000,0,0,0.00000,0.00000,0.000000,0.00000,0.54390,0.000000,,,,,0,0,0,0
29,falling,1,24.0,,195.000,96.833,0.00000,0.64077,0.000000,0.000000,0,0,0.000,0.000,0,0,0.00000,0.54390,0.000000,0.00000,0.09687,0.000000,,,,,0,0,0,0
29,falling,2,40.0,,195.000,97.602,0.00000,0.89682,0.000000,0.000000,0,0,0.000,0.000,0,0,0.00000,0.64077,0.000000,0.00000,0.25605,0.000000,,,,,0,0,0,0
29,falling,3,57.0,,195.000,98.688,0.00000,1.16489,0.000000,0.000000,0,0,0.000,0.000,0,0,0.00000,0.89682,0.000000,0.00000,0.26807,0.000000,,,,,0,0,0,0
29,falling,4,74.0,,195.000,100.045,0.00000,1.42888,0.000000,0.000000,0,0,0.000,0.000,0,0,0.00000,1.16489,0.000000,0.00000,0.26399,0.000000,,,,,0,0,0,0
29,falling,5,90.0,,195.000,101.564,0.00000,1.67365,0.000000,0.000000,0,0,0.000,0.000,0,0,0.00000,1.42888,0.000000,0.00000,0.24477,0.000000,,,,,0,0,0,0
29,falling,6,107.0,,195.000,103.435,0.00000,1.92990,0.000000,0.000000,0,0,0.000,0.000,0,0,0.00000,1.67365,0.000000,0.00000,0.25625,0.000000,,,,,0,0,0,0
29,falling,7,124.0,,195.000,105.564,0.00000,2.18225,0.000000,0.000000,0,0,0.000,0.000,0,0,0.00000,1.92990,0.000000,0.00000,0.25235,0.000000,,,,,0,0,0,0
29,falling,8,141.0,,195.000,107.800,0.00000,2.41623,0.000000,0.000000,0,0,0.000,0.000,0,0,0.00000,2.18225,0.000000,0.00000,0.23397,0.000000,,,,,0,0,0,0
29,falling,9,157.0,,195.000,110.421,0.00000,2.66118,0.000000,0.000000,0,0,0.000,0.000,0,0,0.00000,2.41623,0.000000,0.00000,0.24496,0.000000,,,,,0,0,0,0
29,falling,10,174.0,,195.000,113.289,0.00000,2.90241,0.000000,0.000000,0,0,0.000,0.000,0,0,0.00000,2.66118,0.000000,0.00000,0.24123,0.000000,,,,,0,0,0,0
29,falling,20,341.0,,195.000,153.856,0.00000,5.08545,0.000000,0.000000,0,0,0.000,0.000,0,0,0.00000,4.87794,0.000000,0.00000,0.20751,0.000000,,,,,0,0,0,0
29,falling,30,508.0,,195.000,214.272,0.00000,6.95287,0.000000,0.000000,0,0,0.000,0.000,0,0,0.00000,6.78481,0.000000,0.00000,0.16806,0.000000,,,,,0,0,0,0
29,falling,40,674.0,,195.000,292.445,0.00000,8.56968,0.000000,0.000000,0,0,0.000,0.000,0,0,0.00000,8.41599,0.000000,0.00000,0.15368,0.000000,,,,,0,0,0,0
29,falling,50,841.0,,195.000,385.630,0.00000,9.96046,0.000000,0.000000,0,0,0.000,0.000,0,0,0.00000,9.82826,0.000000,0.00000,0.13220,0.000000,,,,,0,0,0,0
29,falling,60,1008.0,,194.584,483.083,-0.81514,1.36636,-0.129045,-0.110227,0,0,0.000,0.000,0,0,0.00000,11.04311,0.000000,-0.81514,-9.67675,-0.129045,,,,,0,0,0,0
29,falling,61,1025.0,,193.808,484.569,-0.80347,1.61202,-0.127197,-0.232999,0,0,0.000,0.000,0,0,-0.81514,1.36636,-0.129045,0.01167,0.24566,0.001848,,,,,0,0,0,0
29,post_landing,62,1041.0,62,192.997,486.346,-0.91434,1.60985,-0.122674,-0.361503,0,1,0.000,12.962,1,1,-0.80347,1.61202,-0.127197,-0.11088,-0.00217,0.004522,0.000000,1.000000,0.068968,0.021602,1,1,2,1
29,post_landing,63,1058.0,62,191.681,487.795,-1.75663,1.13034,-0.070056,-0.460488,0,1,0.000,16.326,1,1,-0.91434,1.60985,-0.122674,-0.84229,-0.47951,0.052619,0.000000,1.000000,0.040409,0.024219,1,1,2,1
29,post_landing,64,1075.0,62,189.924,488.891,-1.91232,1.15878,-0.063220,-0.523720,0,1,0.000,18.393,1,1,-1.75663,1.13034,-0.070056,-0.15569,0.02844,0.006835,0.000000,1.000000,0.035687,0.022996,1,1,2,1
29,post_landing,65,1091.0,62,187.957,490.133,-1.94740,1.28504,-0.064168,-0.587653,0,1,0.000,20.409,1,1,-1.91232,1.15878,-0.063220,-0.03508,0.12626,-0.000947,0.000000,1.000000,0.034487,0.024728,1,1,2,1
29,post_landing,66,1108.0,62,185.980,491.471,-1.98480,0.06731,-0.067872,-0.653583,0,1,21.401,11.699,4,4,-1.94740,1.28504,-0.064168,-0.03740,-1.21773,-0.003705,0.000000,1.000000,0.051288,-0.045989,4,4,8,4
29,post_landing,67,1125.0,62,184.076,491.554,-1.95715,0.28405,-0.067382,-0.716866,0,1,0.000,4.273,1,1,-1.98480,0.06731,-0.067872,0.02765,0.21674,0.000491,0.000000,1.000000,0.037239,0.022863,1,1,2,1
29,post_landing,68,1141.0,62,182.076,491.909,-1.97543,0.31905,-0.065517,-0.784125,0,1,1.414,5.537,2,2,-1.95715,0.28405,-0.067382,-0.01828,0.03500,0.001865,0.000000,1.000000,0.025105,0.024557,2,2,4,2
29,post_landing,69,1158.0,62,180.075,492.297,-1.95101,0.45883,-0.066417,-0.850754,0,1,0.000,6.758,1,1,-1.97543,0.31905,-0.065517,0.02442,0.13978,-0.000900,0.000000,1.000000,0.042267,0.024060,1,1,2,1
29,post_landing,70,1175.0,62,178.225,492.793,-1.92310,0.59512,-0.068187,-0.915576,0,1,0.000,8.605,1,1,-1.95101,0.45883,-0.066417,0.02791,0.13629,-0.001770,0.000000,1.000000,0.034631,0.023087,1,1,2,1
29,post_landing,71,1191.0,62,176.264,493.454,-1.91548,0.73024,-0.069256,-0.984411,0,1,0.000,10.526,1,1,-1.92310,0.59512,-0.068187,0.00762,0.13512,-0.001069,0.000000,1.000000,0.040498,0.024212,1,1,2,1
29,post_landing,72,1208.0,62,174.380,493.696,-1.49149,-0.62077,-0.054950,-1.049104,0,1,2.232,-9.917,2,2,-1.91548,0.73024,-0.069256,0.42398,-1.35101,0.014306,0.000000,1.000000,0.055629,-0.047518,2,2,4,2
29,post_landing,73,1225.0,62,172.960,493.208,-1.45701,-0.50160,-0.051003,-1.101267,0,1,2.236,-8.478,2,2,-1.49149,-0.62077,-0.054950,0.03449,0.11917,0.003946,0.000000,1.000000,0.024658,0.016928,2,2,4,2
29,post_landing,74,1241.0,62,171.505,492.763,-1.38860,-0.39142,-0.049489,-1.152365,0,1,0.000,-8.163,1,1,-1.45701,-0.50160,-0.051003,0.06840,0.11018,0.001514,0.000000,1.000000,0.045688,0.024943,1,1,2,1
29,post_landing,75,1258.0,62,170.114,492.395,-1.33919,-0.31639,-0.046610,-1.201541,0,1,0.000,-6.764,1,1,-1.38860,-0.39142,-0.049489,0.04942,0.07502,0.002880,0.000000,1.000000,0.040606,0.025504,1,1,2,1
29,post_landing,76,1275.0,62,168.854,492.123,-1.29007,-0.25484,-0.044870,-1.245752,0,1,0.000,-5.492,1,1,-1.33919,-0.31639,-0.046610,0.04912,0.06156,0.001740,0.000000,1.000000,0.040540,0.023652,1,1,2,1
29,post_landing,77,1291.0,62,167.564,491.905,-1.25289,-0.17964,-0.042860,-1.291137,0,1,0.000,-4.175,1,1,-1.29007,-0.25484,-0.044870,0.03718,0.07520,0.002009,0.000000,1.000000,0.042504,0.025123,1,1,2,1
29,post_landing,78,1308.0,62,166.309,491.751,-1.24505,-0.12376,-0.039060,-1.334467,0,1,0.000,-2.910,1,1,-1.25289,-0.17964,-0.042860,0.00783,0.05588,0.003800,0.000000,1.000000,0.040947,0.025471,1,1,2,1
29,post_landing,79,1325.0,62,165.140,491.661,-1.19839,-0.07337,-0.039551,-1.372403,0,1,0.000,-1.798,1,1,-1.24505,-0.12376,-0.039060,0.04666,0.05040,-0.000491,0.000000,1.000000,0.039635,0.023604,1,1,2,1
29,post_landing,80,1341.0,62,163.944,491.614,-1.16692,-0.02239,-0.039365,-1.413226,0,1,0.000,-0.598,1,1,-1.19839,-0.07337,-0.039551,0.03147,0.05097,0.000187,0.000000,1.000000,0.043375,0.023965,1,1,2,1
29,post_landing,81,1358.0,62,162.773,491.614,-1.16738,0.02352,-0.037335,-1.453693,0,1,0.000,0.593,1,1,-1.16692,-0.02239,-0.039365,-0.00045,0.04591,0.002030,0.000000,1.000000,0.043401,0.023962,1,1,2,1
29,post_landing,82,1375.0,62,161.679,491.655,-1.12249,0.06743,-0.039956,-1.490797,0,1,0.000,1.683,1,1,-1.16738,0.02352,-0.037335,0.04488,0.04391,-0.002621,0.000000,1.000000,0.038744,0.022733,1,1,2,1
29,post_landing,83,1392.0,62,160.530,491.746,-1.14513,0.11123,-0.037662,-1.530444,0,1,0.000,2.846,1,1,-1.12249,0.06743,-0.039956,-0.02263,0.04380,0.002294,0.000000,1.000000,0.044534,0.023865,1,1,2,1
29,post_landing,84,1408.0,62,159.380,491.881,-1.11999,0.02030,-0.039245,-1.569902,0,1,4.000,1.999,4,2,-1.14513,0.11123,-0.037662,0.02514,-0.09093,-0.001583,0.000000,1.000000,0.025923,0.024159,2,4,4,2
29,post_landing,85,1425.0,62,158.308,491.920,-1.09346,0.04094,-0.040000,-1.606840,0,1,0.999,1.575,3,2,-1.11999,0.02030,-0.039245,0.02653,0.02064,-0.000755,0.000000,1.000000,0.052289,0.042018,2,3,4,2
29,post_landing,86,1442.0,62,157.184,491.971,-1.10605,0.08054,-0.038208,-1.646044,0,1,0.000,2.216,1,1,-1.09346,0.04094,-0.040000,-0.01259,0.03960,0.001792,0.000000,1.000000,0.074369,0.021302,1,1,2,1
29,post_landing,87,1458.0,62,156.062,492.077,-1.11220,0.12848,-0.037671,-1.684940,0,1,0.000,3.344,1,1,-1.10605,0.08054,-0.038208,-0.00615,0.04794,0.000537,0.000000,1.000000,0.043089,0.023989,1,1,2,1
29,post_landing,88,1475.0,62,155.019,492.153,-1.04964,-0.10275,-0.038979,-1.722090,0,1,0.000,-2.654,1,1,-1.11220,0.12848,-0.037671,0.06256,-0.23122,-0.001308,0.000000,1.000000,0.037388,0.022850,1,1,2,1
29,post_landing,89,1492.0,62,153.951,492.074,-1.06607,-0.05707,-0.034400,-1.760263,0,1,0.000,-1.550,1,1,-1.04964,-0.10275,-0.038979,-0.01644,0.04568,0.004579,0.000000,1.000000,0.042938,0.025233,1,1,2,1
29,post_landing,90,1508.0,62,152.904,492.037,-1.01945,-0.01625,-0.035780,-1.797211,0,1,0.000,-0.479,1,1,-1.06607,-0.05707,-0.034400,0.04662,0.04081,-0.001380,0.000000,1.000000,0.043781,0.023930,1,1,2,1
29,post_landing,91,1525.0,62,151.922,492.036,-1.01435,0.01676,-0.034561,-1.830272,0,1,0.000,0.479,1,1,-1.01945,-0.01625,-0.035780,0.00510,0.03302,0.001218,0.000000,1.000000,0.040023,0.022624,1,1,2,1
29,post_landing,92,1542.0,62,150.893,492.071,-1.00567,0.04819,-0.034275,-1.865058,0,1,0.000,1.487,1,1,-1.01435,0.01676,-0.034561,0.00869,0.03143,0.000287,0.000000,1.000000,0.044060,0.023906,1,1,2,1
29,post_landing,93,1558.0,62,149.876,492.141,-0.98975,0.08571,-0.035280,-1.900129,0,1,0.000,2.501,1,1,-1.00567,0.04819,-0.034275,0.01591,0.03752,-0.001005,0.000000,1.000000,0.044563,0.023863,1,1,2,1
29,post_landing,94,1575.0,62,148.916,492.237,-1.01706,0.12162,-0.033371,-1.932862,0,1,0.000,3.445,1,1,-0.98975,0.08571,-0.035280,-0.02731,0.03591,0.001909,0.000000,1.000000,0.038904,0.022720,1,1,2,1
29,post_landing,95,1592.0,62,147.889,492.376,-1.00141,0.15563,-0.035734,-1.967589,0,1,0.000,4.443,1,1,-1.01706,0.12162,-0.033371,0.01565,0.03400,-0.002364,0.000000,1.000000,0.045881,0.023749,1,1,2,1
29,post_landing,96,1608.0,62,146.862,492.555,-1.00875,0.19101,-0.036899,-2.003699,0,1,0.000,5.474,1,1,-1.00141,0.15563,-0.035734,-0.00734,0.03538,-0.001165,0.000000,1.000000,0.041515,0.024124,1,1,2,1
29,post_landing,97,1625.0,62,145.895,492.767,-1.02106,0.24589,-0.037823,-2.039514,0,1,0.000,6.490,1,1,-1.00875,0.19101,-0.036899,-0.01230,0.05488,-0.000924,0.000000,1.000000,0.039543,0.022665,1,1,2,1
29,post_landing,98,1642.0,62,144.849,493.042,-1.04367,0.29468,-0.038876,-2.078291,0,1,0.000,7.581,1,1,-1.02106,0.24589,-0.037823,-0.02262,0.04879,-0.001053,0.000000,1.000000,0.043453,0.023958,1,1,2,1
29,post_landing,99,1658.0,62,143.779,493.368,-1.06761,0.35075,-0.040348,-2.118333,0,1,0.000,8.695,1,1,-1.04367,0.29468,-0.038876,-0.02394,0.05607,-0.001471,0.000000,1.000000,0.043344,0.023967,1,1,2,1
29,post_landing,100,1675.0,62,142.672,493.747,-1.10074,0.27628,-0.042809,-2.159560,0,1,3.606,8.025,2,2,-1.06761,0.35075,-0.040348,-0.03312,-0.07447,-0.002461,0.000000,1.000000,0.025989,0.026947,2,2,4,2
29,post_landing,101,1692.0,62,141.672,493.668,-0.78767,-0.29642,-0.011360,-2.193559,0,1,0.000,-25.868,1,1,-1.10074,0.27628,-0.042809,0.31307,-0.57270,0.031449,0.000000,1.000000,0.203858,0.008550,1,1,2,1
29,post_landing,102,1708.0,62,140.989,493.348,-0.52079,-0.28221,-0.011294,-2.205601,0,1,0.000,-25.536,1,1,-0.78767,-0.29642,-0.011360,0.26688,0.01421,0.000066,0.000000,1.000000,0.046797,0.024781,1,1,2,1
29,post_landing,103,1725.0,62,140.525,493.080,-0.36092,-0.19941,-0.008499,-2.216161,0,1,0.000,-25.243,1,1,-0.52079,-0.28221,-0.011294,0.15987,0.08280,0.002796,0.000000,1.000000,0.046951,0.025065,1,1,2,1
29,post_landing,104,1742.0,62,140.225,492.906,-0.23780,-0.11042,-0.004988,-2.223038,0,1,0.000,-25.050,1,1,-0.36092,-0.19941,-0.008499,0.12312,0.08899,0.003511,0.000000,1.000000,0.043501,0.023651,1,1,2,1
29,post_landing,105,1758.0,62,140.028,492.819,-0.12132,-0.00901,-0.001021,-2.226614,0,1,0.000,-24.949,1,1,-0.23780,-0.11042,-0.004988,0.11649,0.10141,0.003967,0.000000,1.000000,0.048079,0.023561,1,1,2,1
29,post_landing,106,1775.0,62,139.948,492.831,-0.00788,0.09071,0.002975,-2.226125,0,1,0.000,-24.963,1,1,-0.12132,-0.00901,-0.001021,0.11344,0.09972,0.003996,0.000000,1.000000,0.049381,0.023449,1,1,2,1
29,post_landing,107,1792.0,62,139.979,492.935,0.09867,0.18232,0.006691,-2.221932,0,1,0.000,-25.081,1,1,-0.00788,0.09071,0.002975,0.10655,0.09160,0.003716,0.000000,1.000000,0.044882,0.022206,1,1,2,1
29,post_landing,108,1808.0,62,140.120,493.145,0.20585,0.28480,0.010611,-2.213632,0,1,0.000,-25.313,1,1,0.09867,0.18232,0.006691,0.10718,0.10248,0.003920,0.000000,1.000000,0.049183,0.023466,1,1,2,1
29,post_landing,109,1825.0,62,140.370,493.458,0.31008,0.38818,0.014630,-2.201343,0,1,0.000,-25.654,1,1,0.20585,0.28480,0.010611,0.10424,0.10339,0.004019,0.000000,1.000000,0.048717,0.023506,1,1,2,1
29,post_landing,110,1842.0,62,140.701,493.855,0.40366,0.48829,0.018570,-2.185955,0,1,0.000,-26.075,1,1,0.31008,0.38818,0.014630,0.09357,0.10010,0.003940,0.000000,1.000000,0.042650,0.022398,1,1,2,1
29,post_landing,111,1858.0,62,140.994,493.871,0.19307,-0.08137,0.009142,-2.174546,0,1,3.605,8.433,2,2,0.40366,0.48829,0.018570,-0.21059,-0.56965,-0.009428,0.000000,1.000000,0.071267,0.053208,2,2,4,2
29,post_landing,112,1875.0,62,141.179,493.811,0.15636,-0.05938,0.004110,-2.167450,0,1,3.605,8.240,2,2,0.19307,-0.08137,0.009142,-0.03671,0.02199,-0.005032,0.000000,1.000000,0.051825,0.041003,2,2,4,2
29,post_landing,113,1892.0,62,141.307,493.786,0.09303,-0.02999,0.002057,-2.164458,0,1,3.605,8.158,2,2,0.15636,-0.05938,0.004110,-0.06333,0.02939,-0.002053,0.000000,1.000000,0.044612,0.033307,2,2,4,2
29,post_landing,114,1908.0,62,141.378,493.778,0.03041,-0.01817,-0.000672,-2.163210,0,1,3.606,8.124,2,2,0.09303,-0.02999,0.002057,-0.06262,0.01182,-0.002729,0.000000,1.000000,0.049706,0.032056,2,2,4,2
29,post_landing,115,1925.0,62,141.381,493.783,-0.00421,-0.00040,-0.003680,-2.163799,0,1,3.606,8.140,2,2,0.03041,-0.01817,-0.000672,-0.03463,0.01777,-0.003008,0.000000,1.000000,0.057536,0.032537,2,2,4,2
29,post_landing,116,1942.0,62,141.341,493.800,-0.08223,0.01869,-0.002121,-2.166086,0,1,3.605,8.203,2,2,-0.00421,-0.00040,-0.003680,-0.07802,0.01909,0.001559,0.000000,1.000000,0.055415,0.035567,2,2,4,2
29,post_landing,117,1958.0,62,141.261,493.838,-0.12694,0.02996,-0.003647,-2.170558,0,1,3.605,8.324,2,2,-0.08223,0.01869,-0.002121,-0.04471,0.01127,-0.001526,0.000000,1.000000,0.060348,0.045527,2,2,4,2
29,post_landing,118,1975.0,62,141.117,493.875,-0.18019,0.04422,-0.004333,-2.174977,0,1,3.605,8.444,2,2,-0.12694,0.02996,-0.003647,-0.05324,0.01426,-0.000686,0.000000,1.000000,0.072218,0.053156,2,2,4,2
29,post_landing,119,1992.0,62,140.950,493.887,-0.19080,0.04388,-0.008339,-2.181272,0,1,0.000,6.813,1,1,-0.18019,0.04422,-0.004333,-0.01061,-0.00034,-0.004006,0.000000,1.000000,0.040046,0.022622,1,1,2,1
29,post_landing,120,2009.0,62,140.849,493.904,-0.00309,-0.00160,0.000040,-2.184240,0,1,33.015,-9.614,2,2,-0.19080,0.04388,-0.008339,0.18771,-0.04547,0.008379,0.000000,1.000000,0.042043,0.028319,2,2,4,2
29,post_landing,121,2025.0,62,140.848,493.905,-0.00001,-0.00007,0.000003,-2.184215,0,1,33.015,-9.615,2,2,-0.00309,-0.00160,0.000040,0.00308,0.00153,-0.000037,0.000000,1.000000,0.048355,0.027333,2,2,4,2
29,post_landing,122,2042.0,62,140.848,493.904,0.00004,-0.00001,0.000001,-2.184210,0,1,33.015,-9.615,2,2,-0.00001,-0.00007,0.000003,0.00004,0.00006,-0.000002,0.000000,1.000000,0.044606,0.025924,2,2,4,2
30,falling,0,10.0,,195.000,96.269,0.00000,0.38037,0.000000,0.000000,0,0,0.000,0.000,0,0,0.00000,0.00000,0.000000,0.00000,0.38037,0.000000,,,,,0,0,0,0
30,falling,1,20.0,,195.000,96.594,0.00000,0.55927,0.000000,0.000000,0,0,0.000,0.000,0,0,0.00000,0.38037,0.000000,0.00000,0.17890,0.000000,,,,,0,0,0,0
30,falling,2,36.0,,195.000,97.285,0.00000,0.81649,0.000000,0.000000,0,0,0.000,0.000,0,0,0.00000,0.55927,0.000000,0.00000,0.25722,0.000000,,,,,0,0,0,0
30,falling,3,53.0,,195.000,98.290,0.00000,1.08578,0.000000,0.000000,0,0,0.000,0.000,0,0,0.00000,0.81649,0.000000,0.00000,0.26929,0.000000,,,,,0,0,0,0
30,falling,4,70.0,,195.000,99.567,0.00000,1.35098,0.000000,0.000000,0,0,0.000,0.000,0,0,0.00000,1.08578,0.000000,0.00000,0.26519,0.000000,,,,,0,0,0,0
30,falling,5,87.0,,195.000,101.012,0.00000,1.59686,0.000000,0.000000,0,0,0.000,0.000,0,0,0.00000,1.35098,0.000000,0.00000,0.24588,0.000000,,,,,0,0,0,0
30,falling,6,103.0,,195.000,102.805,0.00000,1.85428,0.000000,0.000000,0,0,0.000,0.000,0,0,0.00000,1.59686,0.000000,0.00000,0.25742,0.000000,,,,,0,0,0,0
30,falling,7,120.0,,195.000,104.858,0.00000,2.10778,0.000000,0.000000,0,0,0.000,0.000,0,0,0.00000,1.85428,0.000000,0.00000,0.25350,0.000000,,,,,0,0,0,0
30,falling,8,137.0,,195.000,107.023,0.00000,2.34282,0.000000,0.000000,0,0,0.000,0.000,0,0,0.00000,2.10778,0.000000,0.00000,0.23504,0.000000,,,,,0,0,0,0
30,falling,9,153.0,,195.000,109.570,0.00000,2.58889,0.000000,0.000000,0,0,0.000,0.000,0,0,0.00000,2.34282,0.000000,0.00000,0.24607,0.000000,,,,,0,0,0,0
30,falling,10,170.0,,195.000,112.365,0.00000,2.83122,0.000000,0.000000,0,0,0.000,0.000,0,0,0.00000,2.58889,0.000000,0.00000,0.24233,0.000000,,,,,0,0,0,0
30,falling,20,337.0,,195.000,151.967,0.00000,5.01202,0.000000,0.000000,0,0,0.000,0.000,0,0,0.00000,4.81576,0.000000,0.00000,0.19626,0.000000,,,,,0,0,0,0
30,falling,30,504.0,,195.000,212.121,0.00000,6.90014,0.000000,0.000000,0,0,0.000,0.000,0,0,0.00000,6.73132,0.000000,0.00000,0.16882,0.000000,,,,,0,0,0,0
30,falling,40,670.0,,195.000,289.805,0.00000,8.52432,0.000000,0.000000,0,0,0.000,0.000,0,0,0.00000,8.36994,0.000000,0.00000,0.15438,0.000000,,,,,0,0,0,0
30,falling,50,837.0,,195.000,382.569,0.00000,9.92145,0.000000,0.000000,0,0,0.000,0.000,0,0,0.00000,9.78865,0.000000,0.00000,0.13280,0.000000,,,,,0,0,0,0
30,falling,60,1004.0,,194.765,478.931,-0.36742,0.54646,-0.218517,-0.162338,0,0,0.000,0.000,0,0,0.00000,11.00903,0.000000,-0.36742,-10.46257,-0.218517,,,,,0,0,0,0
30,falling,68,1137.0,,191.988,491.970,-0.32560,2.59193,-0.193647,-1.814096,0,0,0.000,0.000,0,0,-0.33063,2.34590,-0.196638,0.00503,0.24602,0.002991,,,,,0,0,0,0
30,falling,69,1154.0,,191.678,494.596,-0.32094,2.82003,-0.190873,-1.998330,0,0,0.000,0.000,0,0,-0.32560,2.59193,-0.193647,0.00466,0.22811,0.002773,,,,,0,0,0,0
30,post_landing,70,1171.0,70,191.521,495.752,0.34186,0.29730,0.016098,-2.139470,0,1,3.605,-21.591,3,3,-0.32094,2.82003,-0.190873,0.66281,-2.52273,0.206971,0.000000,1.000000,0.304059,-0.058053,3,3,6,3
30,post_landing,71,1187.0,70,191.919,495.920,0.45512,0.40900,0.018131,-2.122868,0,1,0.000,-22.432,1,1,0.34186,0.29730,0.016098,0.11325,0.11170,0.002032,0.000000,1.000000,0.045734,0.023762,1,1,2,1
30,post_landing,72,1204.0,70,192.420,496.376,0.55545,0.51669,0.022537,-2.102747,0,1,0.000,-22.933,1,1,0.45512,0.40900,0.018131,0.10033,0.10769,0.004406,0.000000,1.000000,0.044426,0.023874,1,1,2,1
30,post_landing,73,1221.0,70,192.983,496.909,0.64353,0.62690,0.026686,-2.079700,0,1,0.000,-23.495,1,1,0.55545,0.51669,0.022537,0.08808,0.11021,0.004149,0.000000,1.000000,0.040673,0.022568,1,1,2,1
30,post_landing,74,1237.0,70,193.671,497.615,0.75610,0.70881,0.032337,-2.050887,0,1,2.236,-23.062,2,2,0.64353,0.62690,0.026686,0.11258,0.08191,0.005651,0.000000,1.000000,0.007370,0.007095,2,2,4,2
30,post_landing,75,1254.0,70,194.500,498.086,0.86532,0.17518,0.037905,-2.015590,0,1,0.000,-4.870,1,1,0.75610,0.70881,0.032337,0.10922,-0.53363,0.005568,0.000000,1.000000,0.046440,0.023701,1,1,2,1
30,post_landing,76,1272.0,70,195.340,498.275,0.87215,0.21824,0.040397,-1.979499,0,1,0.000,-5.695,1,1,0.86532,0.17518,0.037905,0.00683,0.04306,0.002492,0.000000,1.000000,0.043844,0.022295,1,1,2,1
30,post_landing,77,1287.0,70,196.247,498.527,0.91839,0.26990,0.040089,-1.938909,0,1,0.000,-6.613,1,1,0.87215,0.21824,0.040397,0.04624,0.05166,-0.000308,0.000000,1.000000,0.041073,0.024162,1,1,2,1
30,post_landing,78,1304.0,70,197.193,498.819,0.95560,0.32318,0.041397,-1.897662,0,1,0.000,-7.535,1,1,0.91839,0.26990,0.040089,0.03720,0.05328,0.001308,0.000000,1.000000,0.046845,0.023667,1,1,2,1
30,post_landing,79,1321.0,70,198.119,499.139,0.97787,0.37355,0.044498,-1.857377,0,1,0.000,-8.424,1,1,0.95560,0.32318,0.041397,0.02228,0.05037,0.003101,0.000000,1.000000,0.044460,0.022242,1,1,2,1
30,post_landing,80,1337.0,70,199.130,499.548,1.00585,0.44019,0.047757,-1.811626,0,1,0.000,-9.416,1,1,0.97787,0.37355,0.044498,0.02798,0.06665,0.003258,0.000000,1.000000,0.046863,0.023665,1,1,2,1
30,post_landing,81,1354.0,70,200.162,500.045,1.03768,0.51400,0.051213,-1.761636,0,1,0.000,-10.477,1,1,1.00585,0.44019,0.047757,0.03183,0.07381,0.003456,0.000000,1.000000,0.037053,0.024508,1,1,2,1
30,post_landing,82,1371.0,70,201.167,500.594,1.07042,0.60107,0.054205,-1.711618,0,1,0.000,-11.513,1,1,1.03768,0.51400,0.051213,0.03274,0.08707,0.002993,0.000000,1.000000,0.033601,0.023175,1,1,2,1
30,post_landing,83,1387.0,70,202.266,501.278,1.10052,0.70595,0.057933,-1.655136,0,1,0.000,-12.648,1,1,1.07042,0.60107,0.054205,0.03010,0.10488,0.003727,0.000000,1.000000,0.035563,0.024636,1,1,2,1
30,post_landing,84,1404.0,70,203.394,502.088,1.15964,0.78497,0.061346,-1.594772,0,1,1.000,-13.317,3,2,1.10052,0.70595,0.057933,0.05911,0.07902,0.003414,0.000000,1.000000,0.010736,0.013513,2,3,4,2
30,post_landing,85,1421.0,70,204.274,502.112,0.63004,-0.44379,0.033347,-1.547791,0,1,1.000,12.801,3,2,1.15964,0.78497,0.061346,-0.52960,-1.22876,-0.028000,0.000000,1.000000,0.023748,0.012498,2,3,4,2
30,post_landing,86,1437.0,70,204.882,501.714,0.54303,-0.35810,0.028218,-1.515880,0,1,0.998,12.191,3,2,0.63004,-0.44379,0.033347,-0.08701,0.08569,-0.005129,0.000000,1.000000,0.011839,-0.001944,2,3,4,2
30,post_landing,87,1454.0,70,205.401,501.357,0.45680,-0.28255,0.023332,-1.489107,0,1,0.000,12.168,1,1,0.54303,-0.35810,0.028218,-0.08622,0.07556,-0.004886,0.000000,1.000000,0.080897,0.021752,1,1,2,1
30,post_landing,88,1471.0,70,205.809,501.106,0.37668,-0.22238,0.018808,-1.468438,0,1,0.000,11.759,1,1,0.45680,-0.28255,0.023332,-0.08012,0.06017,-0.004524,0.000000,1.000000,0.039855,0.023682,1,1,2,1
30,post_landing,89,1487.0,70,206.155,500.901,0.28418,-0.16102,0.015105,-1.450638,0,1,0.000,11.403,1,1,0.37668,-0.22238,0.018808,-0.09250,0.06135,-0.003703,0.000000,1.000000,0.047942,0.024895,1,1,2,1
30,post_landing,90,1504.0,70,206.411,500.746,0.19309,-0.10592,0.011558,-1.436878,0,1,0.000,11.125,1,1,0.28418,-0.16102,0.015105,-0.09110,0.05510,-0.003547,0.000000,1.000000,0.047486,0.024982,1,1,2,1
30,post_landing,91,1521.0,70,206.579,500.651,0.12329,-0.06629,0.006770,-1.428421,0,1,0.000,10.953,1,1,0.19309,-0.10592,0.011558,-0.06980,0.03964,-0.004788,0.000000,1.000000,0.041702,0.023231,1,1,2,1
30,post_landing,92,1537.0,70,206.670,500.593,0.03923,-0.02286,0.002906,-1.422812,0,1,0.000,10.839,1,1,0.12329,-0.06629,0.006770,-0.08406,0.04342,-0.003864,0.000000,1.000000,0.048959,0.023485,1,1,2,1
30,post_landing,93,1554.0,70,206.677,500.574,-0.03992,0.02108,-0.001074,-1.421059,0,1,0.000,10.803,1,1,0.03923,-0.02286,0.002906,-0.07915,0.04394,-0.003980,0.000000,1.000000,0.050714,0.023334,1,1,2,1
30,post_landing,94,1571.0,70,206.616,500.603,-0.10065,0.04975,-0.006373,-1.423956,0,1,0.000,10.862,1,1,-0.03992,0.02108,-0.001074,-0.06073,0.02867,-0.005299,0.000000,1.000000,0.038483,0.022756,1,1,2,1
30,post_landing,95,1588.0,70,206.483,500.689,-0.19814,0.10669,-0.008055,-1.431646,0,1,0.000,11.019,1,1,-0.10065,0.04975,-0.006373,-0.09749,0.05694,-0.001682,0.000000,1.000000,0.045500,0.023782,1,1,2,1
30,post_landing,96,1604.0,70,206.261,500.808,-0.27452,0.15137,-0.012059,-1.442311,0,1,0.000,11.235,1,1,-0.19814,0.10669,-0.008055,-0.07638,0.04468,-0.004004,0.000000,1.000000,0.045522,0.023780,1,1,2,1
30,post_landing,97,1621.0,70,205.982,500.963,-0.34659,0.19888,-0.015660,-1.456087,0,1,0.000,11.512,1,1,-0.27452,0.15137,-0.012059,-0.07207,0.04751,-0.003601,0.000000,1.000000,0.041696,0.022480,1,1,2,1
30,post_landing,98,1637.0,70,205.609,501.178,-0.39787,0.23755,-0.022288,-1.474382,0,1,0.000,11.877,1,1,-0.34659,0.19888,-0.015660,-0.05128,0.03867,-0.006628,0.000000,1.000000,0.041571,0.024119,1,1,2,1
30,post_landing,99,1654.0,70,205.164,501.455,-0.48189,0.30353,-0.025226,-1.497238,0,1,0.000,12.328,1,1,-0.39787,0.23755,-0.022288,-0.08402,0.06599,-0.002938,0.000000,1.000000,0.043806,0.023928,1,1,2,1
30,post_landing,100,1671.0,70,204.646,501.796,-0.55806,0.37301,-0.028949,-1.524341,0,1,0.000,12.854,1,1,-0.48189,0.30353,-0.025226,-0.07617,0.06948,-0.003722,0.000000,1.000000,0.043938,0.023916,1,1,2,1
30,post_landing,101,1688.0,70,204.084,502.189,-0.62788,0.41390,-0.033364,-1.553793,0,1,1.000,12.915,3,2,-0.55806,0.37301,-0.028949,-0.06982,0.04089,-0.004415,0.000000,1.000000,0.026910,0.015499,2,3,4,2
30,post_landing,102,1704.0,70,203.580,502.301,-0.31206,-0.23482,-0.016650,-1.580380,0,1,5.000,-11.588,11,6,-0.62788,0.41390,-0.033364,0.31581,-0.64872,0.016714,0.000000,1.000000,0.056005,0.049458,6,11,12,6
30,post_landing,103,1721.0,70,203.299,502.105,-0.21732,-0.15843,-0.011473,-1.595310,0,1,2.999,-12.307,7,4,-0.31206,-0.23482,-0.016650,0.09474,0.07639,0.005177,0.000000,1.000000,0.075316,0.062268,4,7,8,4
30,post_landing,104,1738.0,70,203.123,501.974,-0.12846,-0.09197,-0.006726,-1.604571,0,1,1.999,-12.631,5,3,-0.21732,-0.15843,-0.011473,0.08886,0.06647,0.004748,0.000000,1.000000,0.071769,0.057768,3,5,6,3
30,post_landing,105,1754.0,70,203.029,501.913,-0.03476,-0.02463,-0.001813,-1.609523,0,1,1.999,-12.536,5,3,-0.12846,-0.09197,-0.006726,0.09370,0.06733,0.004913,0.000000,1.000000,0.081466,0.064217,3,5,6,3
30,post_landing,106,1771.0,70,203.029,501.913,0.05768,0.03640,0.002904,-1.609533,0,1,1.998,-12.536,5,3,-0.03476,-0.02463,-0.001813,0.09243,0.06103,0.004717,0.000000,1.000000,0.082286,0.064227,3,5,6,3
30,post_landing,107,1788.0,70,203.112,501.965,0.13592,0.08265,0.007113,-1.605232,0,1,1.999,-12.618,5,3,0.05768,0.03640,0.002904,0.07824,0.04625,0.004209,0.000000,1.000000,0.072953,0.058429,3,5,6,3
30,post_landing,108,1804.0,70,203.282,502.080,0.21729,0.13494,0.011448,-1.596353,0,1,1.999,-12.787,5,3,0.13592,0.08265,0.007113,0.08137,0.05230,0.004335,0.000000,1.000000,0.066419,0.051054,3,5,6,3
30,post_landing,109,1821.0,70,203.534,502.265,0.30071,0.16114,0.016050,-1.582964,0,1,4.000,-12.040,9,5,0.21729,0.13494,0.011448,0.08342,0.02619,0.004602,0.000000,1.000000,0.007241,0.001165,5,9,10,5
30,post_landing,110,1838.0,70,203.808,502.378,0.16921,-0.11687,0.008913,-1.568300,0,1,6.000,10.686,4,2,0.30071,0.16114,0.016050,-0.13149,-0.27801,-0.007137,0.000000,1.000000,0.039818,0.022752,2,4,4,2
30,post_landing,111,1854.0,70,203.942,502.286,0.07228,-0.05230,0.003859,-1.561170,0,1,1.000,13.053,3,2,0.16921,-0.11687,0.008913,-0.09694,0.06457,-0.005054,0.000000,1.000000,0.038016,0.020687,2,3,4,2
30,post_landing,112,1871.0,70,203.980,502.260,-0.02020,0.01354,-0.001126,-1.559138,0,1,1.000,13.015,3,2,0.07228,-0.05230,0.003859,-0.09248,0.06584,-0.004985,0.000000,1.000000,0.037715,0.019671,2,3,4,2
30,post_landing,113,1888.0,70,203.930,502.294,-0.10489,0.06987,-0.005647,-1.561905,0,1,1.000,13.067,3,2,-0.02020,0.01354,-0.001126,-0.08469,0.05633,-0.004521,0.000000,1.000000,0.034487,0.019554,2,3,4,2
30,post_landing,114,1904.0,70,203.795,502.390,-0.17237,0.07124,-0.009256,-1.569106,0,1,6.000,10.701,4,2,-0.10489,0.06987,-0.005647,-0.06748,0.00137,-0.003609,0.000000,1.000000,0.030828,0.024655,2,4,4,2
30,post_landing,115,1921.0,70,203.697,502.372,-0.02287,-0.01671,-0.001210,-1.574297,0,1,7.000,-10.702,12,6,-0.17237,0.07124,-0.009256,0.14949,-0.08795,0.008045,0.000000,1.000000,0.050993,0.034251,6,12,12,6
30,post_landing,116,1938.0,70,203.704,502.374,0.04793,0.02099,0.002569,-1.573948,0,1,7.000,-10.708,12,6,-0.02287,-0.01671,-0.001210,0.07080,0.03770,0.003780,0.000000,1.000000,0.046455,0.031879,6,12,12,6
30,post_landing,117,1955.0,70,203.736,502.404,-0.00150,-0.00025,-0.000134,-1.572234,0,1,28.000,-0.240,16,8,0.04793,0.02099,0.002569,-0.04943,-0.02124,-0.002703,0.000000,1.000000,0.023460,0.005368,8,16,16,8
30,post_landing,118,1971.0,70,203.736,502.403,-0.00000,0.00000,0.000000,-1.572270,0,1,28.000,-0.240,16,8,-0.00150,-0.00025,-0.000134,0.00150,0.00025,0.000134,0.000000,1.000000,0.022937,0.004875,8,16,16,8
30,post_landing,119,1988.0,70,203.736,502.402,-0.00000,0.00000,0.000000,-1.572271,0,1,28.000,-0.240,16,8,-0.00000,0.00000,0.000000,0.00000,-0.00000,-0.000000,0.000000,1.000000,0.019360,0.003360,8,16,16,8
30,post_landing,120,2005.0,70,203.736,502.403,-0.00000,0.00000,-0.000000,-1.572271,0,1,28.000,-0.240,16,8,-0.00000,0.00000,0.000000,0.00000,-0.00000,-0.000000,0.000000,1.000000,0.022913,0.004851,8,16,16,8
30,post_landing,121,2021.0,70,203.736,502.403,0.00000,-0.00000,-0.000000,-1.572271,0,1,28.000,-0.240,16,8,-0.00000,0.00000,-0.000000,0.00000,-0.00000,0.000000,0.000000,1.000000,0.022913,0.004851,8,16,16,8
30,post_landing,122,2038.0,70,203.736,502.402,0.00000,0.00000,-0.000000,-1.572271,0,1,28.000,-0.240,16,8,0.00000,-0.00000,-0.000000,0.00000,0.00000,-0.000000,0.000000,1.000000,0.019357,0.003357,8,16,16,8
30,post_landing,123,2055.0,70,203.736,502.403,0.00000,0.00000,-0.000000,-1.572271,0,1,28.000,-0.240,16,8,0.00000,0.00000,-0.000000,-0.00000,0.00000,-0.000000,0.000000,1.000000,0.022912,0.004850,8,16,16,8
30,post_landing,124,2071.0,70,203.736,502.403,0.00000,-0.00000,0.000000,-1.572271,0,1,28.000,-0.240,16,8,0.00000,0.00000,-0.000000,-0.00000,-0.00000,0.000000,0.000000,1.000000,0.022912,0.004850,8,16,16,8
30,post_landing,125,2088.0,70,203.736,502.402,0.00000,-0.00000,0.000000,-1.572271,0,1,28.000,-0.240,16,8,0.00000,-0.00000,0.000000,0.00000,-0.00000,0.000000,0.000000,1.000000,0.019359,0.003359,8,16,16,8
30,post_landing,126,2105.0,70,203.736,502.403,0.00000,0.00000,-0.000000,-1.572271,0,1,28.000,-0.240,16,8,0.00000,-0.00000,0.000000,0.00000,0.00000,-0.000000,0.000000,1.000000,0.022911,0.004849,8,16,16,8
30,post_landing,127,2121.0,70,203.736,502.403,-0.00000,0.00000,0.000000,-1.572271,0,1,28.000,-0.240,16,8,0.00000,0.00000,-0.000000,-0.00000,-0.00000,0.000000,0.000000,1.000000,0.022911,0.004849,8,16,16,8
30,post_landing,128,2138.0,70,203.736,502.402,0.00000,-0.00000,0.000000,-1.572271,0,1,28.000,-0.240,16,8,-0.00000,0.00000,0.000000,0.00000,-0.00000,0.000000,0.000000,1.000000,0.019358,0.003358,8,16,16,8
30,post_landing,129,2155.0,70,203.736,502.403,-0.00000,0.00000,-0.000000,-1.572271,0,1,28.000,-0.240,16,8,0.00000,-0.00000,0.000000,-0.00000,0.00000,-0.000000,0.000000,1.000000,0.022910,0.004848,8,16,16,8
30,post_landing,130,2171.0,70,203.736,502.403,0.00000,0.00000,-0.000000,-1.572271,0,1,28.000,-0.240,16,8,-0.00000,0.00000,-0.000000,0.00000,-0.00000,0.000000,0.000000,1.000000,0.022910,0.004848,8,16,16,8
